#  E (eV)   dos(E)     Int dos(E) EFermi =   11.980 eV
 -10.000  0.0000E+00  0.0000E+00
  -9.990  0.0000E+00  0.0000E+00
  -9.980  0.0000E+00  0.0000E+00
  -9.970  0.0000E+00  0.0000E+00
  -9.960  0.0000E+00  0.0000E+00
  -9.950  0.0000E+00  0.0000E+00
  -9.940  0.0000E+00  0.0000E+00
  -9.930  0.0000E+00  0.0000E+00
  -9.920  0.0000E+00  0.0000E+00
  -9.910  0.0000E+00  0.0000E+00
  -9.900  0.0000E+00  0.0000E+00
  -9.890  0.0000E+00  0.0000E+00
  -9.880  0.0000E+00  0.0000E+00
  -9.870  0.0000E+00  0.0000E+00
  -9.860  0.0000E+00  0.0000E+00
  -9.850  0.0000E+00  0.0000E+00
  -9.840  0.0000E+00  0.0000E+00
  -9.830  0.0000E+00  0.0000E+00
  -9.820  0.0000E+00  0.0000E+00
  -9.810  0.0000E+00  0.0000E+00
  -9.800  0.0000E+00  0.0000E+00
  -9.790  0.0000E+00  0.0000E+00
  -9.780  0.0000E+00  0.0000E+00
  -9.770  0.0000E+00  0.0000E+00
  -9.760  0.0000E+00  0.0000E+00
  -9.750  0.0000E+00  0.0000E+00
  -9.740  0.0000E+00  0.0000E+00
  -9.730  0.0000E+00  0.0000E+00
  -9.720  0.0000E+00  0.0000E+00
  -9.710  0.0000E+00  0.0000E+00
  -9.700  0.0000E+00  0.0000E+00
  -9.690  0.0000E+00  0.0000E+00
  -9.680  0.0000E+00  0.0000E+00
  -9.670  0.0000E+00  0.0000E+00
  -9.660  0.0000E+00  0.0000E+00
  -9.650  0.0000E+00  0.0000E+00
  -9.640  0.0000E+00  0.0000E+00
  -9.630  0.0000E+00  0.0000E+00
  -9.620  0.0000E+00  0.0000E+00
  -9.610  0.0000E+00  0.0000E+00
  -9.600  0.0000E+00  0.0000E+00
  -9.590  0.0000E+00  0.0000E+00
  -9.580  0.0000E+00  0.0000E+00
  -9.570  0.0000E+00  0.0000E+00
  -9.560  0.0000E+00  0.0000E+00
  -9.550  0.0000E+00  0.0000E+00
  -9.540  0.0000E+00  0.0000E+00
  -9.530  0.0000E+00  0.0000E+00
  -9.520  0.0000E+00  0.0000E+00
  -9.510  0.0000E+00  0.0000E+00
  -9.500  0.0000E+00  0.0000E+00
  -9.490  0.0000E+00  0.0000E+00
  -9.480  0.0000E+00  0.0000E+00
  -9.470  0.0000E+00  0.0000E+00
  -9.460  0.0000E+00  0.0000E+00
  -9.450  0.0000E+00  0.0000E+00
  -9.440  0.0000E+00  0.0000E+00
  -9.430  0.0000E+00  0.0000E+00
  -9.420  0.0000E+00  0.0000E+00
  -9.410  0.0000E+00  0.0000E+00
  -9.400  0.0000E+00  0.0000E+00
  -9.390  0.0000E+00  0.0000E+00
  -9.380  0.0000E+00  0.0000E+00
  -9.370  0.0000E+00  0.0000E+00
  -9.360  0.0000E+00  0.0000E+00
  -9.350  0.0000E+00  0.0000E+00
  -9.340  0.0000E+00  0.0000E+00
  -9.330  0.0000E+00  0.0000E+00
  -9.320  0.0000E+00  0.0000E+00
  -9.310  0.0000E+00  0.0000E+00
  -9.300  0.0000E+00  0.0000E+00
  -9.290  0.0000E+00  0.0000E+00
  -9.280  0.0000E+00  0.0000E+00
  -9.270  0.0000E+00  0.0000E+00
  -9.260  0.0000E+00  0.0000E+00
  -9.250  0.0000E+00  0.0000E+00
  -9.240  0.0000E+00  0.0000E+00
  -9.230  0.0000E+00  0.0000E+00
  -9.220  0.0000E+00  0.0000E+00
  -9.210  0.0000E+00  0.0000E+00
  -9.200  0.0000E+00  0.0000E+00
  -9.190  0.0000E+00  0.0000E+00
  -9.180  0.0000E+00  0.0000E+00
  -9.170  0.0000E+00  0.0000E+00
  -9.160  0.0000E+00  0.0000E+00
  -9.150  0.0000E+00  0.0000E+00
  -9.140  0.0000E+00  0.0000E+00
  -9.130  0.0000E+00  0.0000E+00
  -9.120  0.0000E+00  0.0000E+00
  -9.110  0.0000E+00  0.0000E+00
  -9.100  0.0000E+00  0.0000E+00
  -9.090  0.0000E+00  0.0000E+00
  -9.080  0.0000E+00  0.0000E+00
  -9.070  0.0000E+00  0.0000E+00
  -9.060  0.0000E+00  0.0000E+00
  -9.050  0.0000E+00  0.0000E+00
  -9.040  0.0000E+00  0.0000E+00
  -9.030  0.0000E+00  0.0000E+00
  -9.020  0.0000E+00  0.0000E+00
  -9.010  0.0000E+00  0.0000E+00
  -9.000  0.0000E+00  0.0000E+00
  -8.990  0.0000E+00  0.0000E+00
  -8.980  0.0000E+00  0.0000E+00
  -8.970  0.0000E+00  0.0000E+00
  -8.960  0.0000E+00  0.0000E+00
  -8.950  0.0000E+00  0.0000E+00
  -8.940  0.0000E+00  0.0000E+00
  -8.930  0.0000E+00  0.0000E+00
  -8.920  0.0000E+00  0.0000E+00
  -8.910  0.0000E+00  0.0000E+00
  -8.900  0.0000E+00  0.0000E+00
  -8.890  0.0000E+00  0.0000E+00
  -8.880  0.0000E+00  0.0000E+00
  -8.870  0.0000E+00  0.0000E+00
  -8.860  0.0000E+00  0.0000E+00
  -8.850  0.0000E+00  0.0000E+00
  -8.840  0.0000E+00  0.0000E+00
  -8.830  0.0000E+00  0.0000E+00
  -8.820  0.0000E+00  0.0000E+00
  -8.810  0.0000E+00  0.0000E+00
  -8.800  0.0000E+00  0.0000E+00
  -8.790  0.0000E+00  0.0000E+00
  -8.780  0.0000E+00  0.0000E+00
  -8.770  0.0000E+00  0.0000E+00
  -8.760  0.0000E+00  0.0000E+00
  -8.750  0.0000E+00  0.0000E+00
  -8.740  0.0000E+00  0.0000E+00
  -8.730  0.0000E+00  0.0000E+00
  -8.720  0.0000E+00  0.0000E+00
  -8.710  0.0000E+00  0.0000E+00
  -8.700  0.0000E+00  0.0000E+00
  -8.690  0.0000E+00  0.0000E+00
  -8.680  0.0000E+00  0.0000E+00
  -8.670  0.0000E+00  0.0000E+00
  -8.660  0.0000E+00  0.0000E+00
  -8.650  0.0000E+00  0.0000E+00
  -8.640  0.0000E+00  0.0000E+00
  -8.630  0.0000E+00  0.0000E+00
  -8.620  0.0000E+00  0.0000E+00
  -8.610  0.0000E+00  0.0000E+00
  -8.600  0.0000E+00  0.0000E+00
  -8.590  0.0000E+00  0.0000E+00
  -8.580  0.2211E-03  0.3891E-06
  -8.570  0.1851E-02  0.9430E-05
  -8.560  0.5067E-02  0.4270E-04
  -8.550  0.9869E-02  0.1161E-03
  -8.540  0.1626E-01  0.2454E-03
  -8.530  0.2423E-01  0.4465E-03
  -8.520  0.3379E-01  0.7353E-03
  -8.510  0.4493E-01  0.1128E-02
  -8.500  0.8320E-01  0.1669E-02
  -8.490  0.1549E+00  0.2935E-02
  -8.480  0.1352E+00  0.4462E-02
  -8.470  0.1017E+00  0.5540E-02
  -8.460  0.1083E+00  0.6590E-02
  -8.450  0.1152E+00  0.7707E-02
  -8.440  0.1222E+00  0.8893E-02
  -8.430  0.1293E+00  0.1015E-01
  -8.420  0.1367E+00  0.1148E-01
  -8.410  0.1442E+00  0.1289E-01
  -8.400  0.1519E+00  0.1437E-01
  -8.390  0.1598E+00  0.1592E-01
  -8.380  0.1679E+00  0.1756E-01
  -8.370  0.1761E+00  0.1928E-01
  -8.360  0.1894E+00  0.2111E-01
  -8.350  0.2015E+00  0.2306E-01
  -8.340  0.2120E+00  0.2513E-01
  -8.330  0.2209E+00  0.2730E-01
  -8.320  0.2282E+00  0.2955E-01
  -8.310  0.2340E+00  0.3186E-01
  -8.300  0.2381E+00  0.3422E-01
  -8.290  0.2364E+00  0.3661E-01
  -8.280  0.2316E+00  0.3894E-01
  -8.270  0.2323E+00  0.4126E-01
  -8.260  0.2373E+00  0.4360E-01
  -8.250  0.2429E+00  0.4600E-01
  -8.240  0.2487E+00  0.4846E-01
  -8.230  0.2547E+00  0.5098E-01
  -8.220  0.2610E+00  0.5356E-01
  -8.210  0.2675E+00  0.5620E-01
  -8.200  0.2743E+00  0.5891E-01
  -8.190  0.2812E+00  0.6168E-01
  -8.180  0.2884E+00  0.6453E-01
  -8.170  0.2958E+00  0.6745E-01
  -8.160  0.3033E+00  0.7045E-01
  -8.150  0.3108E+00  0.7352E-01
  -8.140  0.3185E+00  0.7667E-01
  -8.130  0.3262E+00  0.7989E-01
  -8.120  0.3340E+00  0.8319E-01
  -8.110  0.3419E+00  0.8657E-01
  -8.100  0.3498E+00  0.9003E-01
  -8.090  0.3574E+00  0.9357E-01
  -8.080  0.3625E+00  0.9717E-01
  -8.070  0.3685E+00  0.1008E+00
  -8.060  0.3744E+00  0.1045E+00
  -8.050  0.3801E+00  0.1083E+00
  -8.040  0.3858E+00  0.1121E+00
  -8.030  0.3913E+00  0.1160E+00
  -8.020  0.3968E+00  0.1200E+00
  -8.010  0.4021E+00  0.1240E+00
  -8.000  0.4074E+00  0.1280E+00
  -7.990  0.4125E+00  0.1321E+00
  -7.980  0.4168E+00  0.1363E+00
  -7.970  0.4218E+00  0.1404E+00
  -7.960  0.4276E+00  0.1447E+00
  -7.950  0.4342E+00  0.1490E+00
  -7.940  0.4417E+00  0.1534E+00
  -7.930  0.4497E+00  0.1578E+00
  -7.920  0.4582E+00  0.1624E+00
  -7.910  0.4670E+00  0.1670E+00
  -7.900  0.4759E+00  0.1717E+00
  -7.890  0.4850E+00  0.1765E+00
  -7.880  0.4943E+00  0.1814E+00
  -7.870  0.5037E+00  0.1864E+00
  -7.860  0.5133E+00  0.1915E+00
  -7.850  0.5231E+00  0.1967E+00
  -7.840  0.5331E+00  0.2020E+00
  -7.830  0.5432E+00  0.2073E+00
  -7.820  0.5534E+00  0.2128E+00
  -7.810  0.5627E+00  0.2184E+00
  -7.800  0.5712E+00  0.2241E+00
  -7.790  0.5787E+00  0.2298E+00
  -7.780  0.5852E+00  0.2356E+00
  -7.770  0.5921E+00  0.2415E+00
  -7.760  0.6038E+00  0.2475E+00
  -7.750  0.6167E+00  0.2536E+00
  -7.740  0.6287E+00  0.2598E+00
  -7.730  0.6396E+00  0.2662E+00
  -7.720  0.6506E+00  0.2726E+00
  -7.710  0.6618E+00  0.2792E+00
  -7.700  0.6733E+00  0.2859E+00
  -7.690  0.6842E+00  0.2926E+00
  -7.680  0.6951E+00  0.2995E+00
  -7.670  0.7062E+00  0.3066E+00
  -7.660  0.7173E+00  0.3137E+00
  -7.650  0.7285E+00  0.3209E+00
  -7.640  0.7398E+00  0.3282E+00
  -7.630  0.7513E+00  0.3357E+00
  -7.620  0.7637E+00  0.3433E+00
  -7.610  0.7775E+00  0.3510E+00
  -7.600  0.7921E+00  0.3588E+00
  -7.590  0.8072E+00  0.3668E+00
  -7.580  0.8231E+00  0.3750E+00
  -7.570  0.8396E+00  0.3833E+00
  -7.560  0.8568E+00  0.3918E+00
  -7.550  0.8747E+00  0.4004E+00
  -7.540  0.8932E+00  0.4093E+00
  -7.530  0.9119E+00  0.4183E+00
  -7.520  0.9311E+00  0.4275E+00
  -7.510  0.9509E+00  0.4369E+00
  -7.500  0.9706E+00  0.4465E+00
  -7.490  0.9915E+00  0.4563E+00
  -7.480  0.1012E+01  0.4663E+00
  -7.470  0.1033E+01  0.4766E+00
  -7.460  0.1054E+01  0.4870E+00
  -7.450  0.1076E+01  0.4977E+00
  -7.440  0.1097E+01  0.5085E+00
  -7.430  0.1127E+01  0.5196E+00
  -7.420  0.1161E+01  0.5311E+00
  -7.410  0.1193E+01  0.5428E+00
  -7.400  0.1224E+01  0.5549E+00
  -7.390  0.1257E+01  0.5673E+00
  -7.380  0.1289E+01  0.5801E+00
  -7.370  0.1322E+01  0.5931E+00
  -7.360  0.1355E+01  0.6065E+00
  -7.350  0.1390E+01  0.6202E+00
  -7.340  0.1426E+01  0.6343E+00
  -7.330  0.1462E+01  0.6487E+00
  -7.320  0.1499E+01  0.6635E+00
  -7.310  0.1538E+01  0.6787E+00
  -7.300  0.1582E+01  0.6943E+00
  -7.290  0.1631E+01  0.7104E+00
  -7.280  0.1683E+01  0.7270E+00
  -7.270  0.1739E+01  0.7441E+00
  -7.260  0.1799E+01  0.7618E+00
  -7.250  0.1862E+01  0.7801E+00
  -7.240  0.1936E+01  0.7990E+00
  -7.230  0.2023E+01  0.8188E+00
  -7.220  0.2129E+01  0.8396E+00
  -7.210  0.2232E+01  0.8614E+00
  -7.200  0.2343E+01  0.8842E+00
  -7.190  0.2462E+01  0.9083E+00
  -7.180  0.2590E+01  0.9335E+00
  -7.170  0.2757E+01  0.9601E+00
  -7.160  0.3001E+01  0.9889E+00
  -7.150  0.3310E+01  0.1020E+01
  -7.140  0.3579E+01  0.1055E+01
  -7.130  0.3801E+01  0.1092E+01
  -7.120  0.3982E+01  0.1131E+01
  -7.110  0.4002E+01  0.1171E+01
  -7.100  0.4083E+01  0.1211E+01
  -7.090  0.4237E+01  0.1253E+01
  -7.080  0.4418E+01  0.1296E+01
  -7.070  0.4558E+01  0.1341E+01
  -7.060  0.4964E+01  0.1388E+01
  -7.050  0.5547E+01  0.1441E+01
  -7.040  0.5709E+01  0.1498E+01
  -7.030  0.5747E+01  0.1555E+01
  -7.020  0.5726E+01  0.1612E+01
  -7.010  0.5796E+01  0.1670E+01
  -7.000  0.6467E+01  0.1730E+01
  -6.990  0.6241E+01  0.1793E+01
  -6.980  0.6160E+01  0.1855E+01
  -6.970  0.4807E+01  0.1910E+01
  -6.960  0.3582E+01  0.1952E+01
  -6.950  0.2513E+01  0.1988E+01
  -6.940  0.4860E+00  0.1998E+01
  -6.930  0.1499E-01  0.2000E+01
  -6.920  0.0000E+00  0.2000E+01
  -6.910  0.0000E+00  0.2000E+01
  -6.900  0.0000E+00  0.2000E+01
  -6.890  0.0000E+00  0.2000E+01
  -6.880  0.0000E+00  0.2000E+01
  -6.870  0.0000E+00  0.2000E+01
  -6.860  0.0000E+00  0.2000E+01
  -6.850  0.0000E+00  0.2000E+01
  -6.840  0.0000E+00  0.2000E+01
  -6.830  0.0000E+00  0.2000E+01
  -6.820  0.0000E+00  0.2000E+01
  -6.810  0.0000E+00  0.2000E+01
  -6.800  0.0000E+00  0.2000E+01
  -6.790  0.0000E+00  0.2000E+01
  -6.780  0.0000E+00  0.2000E+01
  -6.770  0.0000E+00  0.2000E+01
  -6.760  0.0000E+00  0.2000E+01
  -6.750  0.0000E+00  0.2000E+01
  -6.740  0.0000E+00  0.2000E+01
  -6.730  0.0000E+00  0.2000E+01
  -6.720  0.0000E+00  0.2000E+01
  -6.710  0.0000E+00  0.2000E+01
  -6.700  0.0000E+00  0.2000E+01
  -6.690  0.0000E+00  0.2000E+01
  -6.680  0.0000E+00  0.2000E+01
  -6.670  0.0000E+00  0.2000E+01
  -6.660  0.0000E+00  0.2000E+01
  -6.650  0.0000E+00  0.2000E+01
  -6.640  0.0000E+00  0.2000E+01
  -6.630  0.0000E+00  0.2000E+01
  -6.620  0.0000E+00  0.2000E+01
  -6.610  0.0000E+00  0.2000E+01
  -6.600  0.0000E+00  0.2000E+01
  -6.590  0.0000E+00  0.2000E+01
  -6.580  0.0000E+00  0.2000E+01
  -6.570  0.0000E+00  0.2000E+01
  -6.560  0.0000E+00  0.2000E+01
  -6.550  0.0000E+00  0.2000E+01
  -6.540  0.0000E+00  0.2000E+01
  -6.530  0.0000E+00  0.2000E+01
  -6.520  0.0000E+00  0.2000E+01
  -6.510  0.0000E+00  0.2000E+01
  -6.500  0.0000E+00  0.2000E+01
  -6.490  0.0000E+00  0.2000E+01
  -6.480  0.0000E+00  0.2000E+01
  -6.470  0.0000E+00  0.2000E+01
  -6.460  0.0000E+00  0.2000E+01
  -6.450  0.0000E+00  0.2000E+01
  -6.440  0.0000E+00  0.2000E+01
  -6.430  0.0000E+00  0.2000E+01
  -6.420  0.0000E+00  0.2000E+01
  -6.410  0.0000E+00  0.2000E+01
  -6.400  0.0000E+00  0.2000E+01
  -6.390  0.0000E+00  0.2000E+01
  -6.380  0.0000E+00  0.2000E+01
  -6.370  0.0000E+00  0.2000E+01
  -6.360  0.0000E+00  0.2000E+01
  -6.350  0.0000E+00  0.2000E+01
  -6.340  0.0000E+00  0.2000E+01
  -6.330  0.0000E+00  0.2000E+01
  -6.320  0.0000E+00  0.2000E+01
  -6.310  0.0000E+00  0.2000E+01
  -6.300  0.0000E+00  0.2000E+01
  -6.290  0.0000E+00  0.2000E+01
  -6.280  0.0000E+00  0.2000E+01
  -6.270  0.0000E+00  0.2000E+01
  -6.260  0.0000E+00  0.2000E+01
  -6.250  0.0000E+00  0.2000E+01
  -6.240  0.0000E+00  0.2000E+01
  -6.230  0.0000E+00  0.2000E+01
  -6.220  0.0000E+00  0.2000E+01
  -6.210  0.0000E+00  0.2000E+01
  -6.200  0.0000E+00  0.2000E+01
  -6.190  0.0000E+00  0.2000E+01
  -6.180  0.0000E+00  0.2000E+01
  -6.170  0.0000E+00  0.2000E+01
  -6.160  0.0000E+00  0.2000E+01
  -6.150  0.0000E+00  0.2000E+01
  -6.140  0.0000E+00  0.2000E+01
  -6.130  0.0000E+00  0.2000E+01
  -6.120  0.0000E+00  0.2000E+01
  -6.110  0.0000E+00  0.2000E+01
  -6.100  0.0000E+00  0.2000E+01
  -6.090  0.0000E+00  0.2000E+01
  -6.080  0.0000E+00  0.2000E+01
  -6.070  0.0000E+00  0.2000E+01
  -6.060  0.0000E+00  0.2000E+01
  -6.050  0.0000E+00  0.2000E+01
  -6.040  0.0000E+00  0.2000E+01
  -6.030  0.0000E+00  0.2000E+01
  -6.020  0.0000E+00  0.2000E+01
  -6.010  0.0000E+00  0.2000E+01
  -6.000  0.0000E+00  0.2000E+01
  -5.990  0.0000E+00  0.2000E+01
  -5.980  0.0000E+00  0.2000E+01
  -5.970  0.0000E+00  0.2000E+01
  -5.960  0.0000E+00  0.2000E+01
  -5.950  0.0000E+00  0.2000E+01
  -5.940  0.0000E+00  0.2000E+01
  -5.930  0.0000E+00  0.2000E+01
  -5.920  0.0000E+00  0.2000E+01
  -5.910  0.0000E+00  0.2000E+01
  -5.900  0.0000E+00  0.2000E+01
  -5.890  0.0000E+00  0.2000E+01
  -5.880  0.0000E+00  0.2000E+01
  -5.870  0.0000E+00  0.2000E+01
  -5.860  0.0000E+00  0.2000E+01
  -5.850  0.0000E+00  0.2000E+01
  -5.840  0.0000E+00  0.2000E+01
  -5.830  0.0000E+00  0.2000E+01
  -5.820  0.0000E+00  0.2000E+01
  -5.810  0.0000E+00  0.2000E+01
  -5.800  0.0000E+00  0.2000E+01
  -5.790  0.0000E+00  0.2000E+01
  -5.780  0.0000E+00  0.2000E+01
  -5.770  0.0000E+00  0.2000E+01
  -5.760  0.0000E+00  0.2000E+01
  -5.750  0.0000E+00  0.2000E+01
  -5.740  0.0000E+00  0.2000E+01
  -5.730  0.0000E+00  0.2000E+01
  -5.720  0.0000E+00  0.2000E+01
  -5.710  0.0000E+00  0.2000E+01
  -5.700  0.0000E+00  0.2000E+01
  -5.690  0.0000E+00  0.2000E+01
  -5.680  0.0000E+00  0.2000E+01
  -5.670  0.0000E+00  0.2000E+01
  -5.660  0.0000E+00  0.2000E+01
  -5.650  0.0000E+00  0.2000E+01
  -5.640  0.0000E+00  0.2000E+01
  -5.630  0.0000E+00  0.2000E+01
  -5.620  0.0000E+00  0.2000E+01
  -5.610  0.0000E+00  0.2000E+01
  -5.600  0.0000E+00  0.2000E+01
  -5.590  0.0000E+00  0.2000E+01
  -5.580  0.0000E+00  0.2000E+01
  -5.570  0.0000E+00  0.2000E+01
  -5.560  0.0000E+00  0.2000E+01
  -5.550  0.0000E+00  0.2000E+01
  -5.540  0.0000E+00  0.2000E+01
  -5.530  0.0000E+00  0.2000E+01
  -5.520  0.0000E+00  0.2000E+01
  -5.510  0.0000E+00  0.2000E+01
  -5.500  0.0000E+00  0.2000E+01
  -5.490  0.0000E+00  0.2000E+01
  -5.480  0.0000E+00  0.2000E+01
  -5.470  0.0000E+00  0.2000E+01
  -5.460  0.0000E+00  0.2000E+01
  -5.450  0.0000E+00  0.2000E+01
  -5.440  0.0000E+00  0.2000E+01
  -5.430  0.0000E+00  0.2000E+01
  -5.420  0.0000E+00  0.2000E+01
  -5.410  0.0000E+00  0.2000E+01
  -5.400  0.0000E+00  0.2000E+01
  -5.390  0.0000E+00  0.2000E+01
  -5.380  0.0000E+00  0.2000E+01
  -5.370  0.0000E+00  0.2000E+01
  -5.360  0.0000E+00  0.2000E+01
  -5.350  0.0000E+00  0.2000E+01
  -5.340  0.0000E+00  0.2000E+01
  -5.330  0.0000E+00  0.2000E+01
  -5.320  0.0000E+00  0.2000E+01
  -5.310  0.0000E+00  0.2000E+01
  -5.300  0.0000E+00  0.2000E+01
  -5.290  0.0000E+00  0.2000E+01
  -5.280  0.0000E+00  0.2000E+01
  -5.270  0.0000E+00  0.2000E+01
  -5.260  0.0000E+00  0.2000E+01
  -5.250  0.0000E+00  0.2000E+01
  -5.240  0.0000E+00  0.2000E+01
  -5.230  0.0000E+00  0.2000E+01
  -5.220  0.0000E+00  0.2000E+01
  -5.210  0.0000E+00  0.2000E+01
  -5.200  0.0000E+00  0.2000E+01
  -5.190  0.0000E+00  0.2000E+01
  -5.180  0.0000E+00  0.2000E+01
  -5.170  0.0000E+00  0.2000E+01
  -5.160  0.0000E+00  0.2000E+01
  -5.150  0.0000E+00  0.2000E+01
  -5.140  0.0000E+00  0.2000E+01
  -5.130  0.0000E+00  0.2000E+01
  -5.120  0.0000E+00  0.2000E+01
  -5.110  0.0000E+00  0.2000E+01
  -5.100  0.0000E+00  0.2000E+01
  -5.090  0.0000E+00  0.2000E+01
  -5.080  0.0000E+00  0.2000E+01
  -5.070  0.0000E+00  0.2000E+01
  -5.060  0.0000E+00  0.2000E+01
  -5.050  0.0000E+00  0.2000E+01
  -5.040  0.0000E+00  0.2000E+01
  -5.030  0.0000E+00  0.2000E+01
  -5.020  0.0000E+00  0.2000E+01
  -5.010  0.0000E+00  0.2000E+01
  -5.000  0.0000E+00  0.2000E+01
  -4.990  0.0000E+00  0.2000E+01
  -4.980  0.0000E+00  0.2000E+01
  -4.970  0.0000E+00  0.2000E+01
  -4.960  0.0000E+00  0.2000E+01
  -4.950  0.0000E+00  0.2000E+01
  -4.940  0.0000E+00  0.2000E+01
  -4.930  0.0000E+00  0.2000E+01
  -4.920  0.0000E+00  0.2000E+01
  -4.910  0.0000E+00  0.2000E+01
  -4.900  0.0000E+00  0.2000E+01
  -4.890  0.0000E+00  0.2000E+01
  -4.880  0.0000E+00  0.2000E+01
  -4.870  0.0000E+00  0.2000E+01
  -4.860  0.0000E+00  0.2000E+01
  -4.850  0.0000E+00  0.2000E+01
  -4.840  0.0000E+00  0.2000E+01
  -4.830  0.0000E+00  0.2000E+01
  -4.820  0.0000E+00  0.2000E+01
  -4.810  0.0000E+00  0.2000E+01
  -4.800  0.0000E+00  0.2000E+01
  -4.790  0.0000E+00  0.2000E+01
  -4.780  0.0000E+00  0.2000E+01
  -4.770  0.0000E+00  0.2000E+01
  -4.760  0.0000E+00  0.2000E+01
  -4.750  0.0000E+00  0.2000E+01
  -4.740  0.0000E+00  0.2000E+01
  -4.730  0.0000E+00  0.2000E+01
  -4.720  0.0000E+00  0.2000E+01
  -4.710  0.0000E+00  0.2000E+01
  -4.700  0.0000E+00  0.2000E+01
  -4.690  0.0000E+00  0.2000E+01
  -4.680  0.0000E+00  0.2000E+01
  -4.670  0.0000E+00  0.2000E+01
  -4.660  0.0000E+00  0.2000E+01
  -4.650  0.0000E+00  0.2000E+01
  -4.640  0.0000E+00  0.2000E+01
  -4.630  0.0000E+00  0.2000E+01
  -4.620  0.0000E+00  0.2000E+01
  -4.610  0.0000E+00  0.2000E+01
  -4.600  0.0000E+00  0.2000E+01
  -4.590  0.0000E+00  0.2000E+01
  -4.580  0.0000E+00  0.2000E+01
  -4.570  0.0000E+00  0.2000E+01
  -4.560  0.0000E+00  0.2000E+01
  -4.550  0.0000E+00  0.2000E+01
  -4.540  0.0000E+00  0.2000E+01
  -4.530  0.0000E+00  0.2000E+01
  -4.520  0.0000E+00  0.2000E+01
  -4.510  0.0000E+00  0.2000E+01
  -4.500  0.0000E+00  0.2000E+01
  -4.490  0.0000E+00  0.2000E+01
  -4.480  0.0000E+00  0.2000E+01
  -4.470  0.0000E+00  0.2000E+01
  -4.460  0.0000E+00  0.2000E+01
  -4.450  0.0000E+00  0.2000E+01
  -4.440  0.0000E+00  0.2000E+01
  -4.430  0.0000E+00  0.2000E+01
  -4.420  0.0000E+00  0.2000E+01
  -4.410  0.0000E+00  0.2000E+01
  -4.400  0.0000E+00  0.2000E+01
  -4.390  0.0000E+00  0.2000E+01
  -4.380  0.0000E+00  0.2000E+01
  -4.370  0.0000E+00  0.2000E+01
  -4.360  0.0000E+00  0.2000E+01
  -4.350  0.0000E+00  0.2000E+01
  -4.340  0.0000E+00  0.2000E+01
  -4.330  0.0000E+00  0.2000E+01
  -4.320  0.0000E+00  0.2000E+01
  -4.310  0.0000E+00  0.2000E+01
  -4.300  0.0000E+00  0.2000E+01
  -4.290  0.0000E+00  0.2000E+01
  -4.280  0.0000E+00  0.2000E+01
  -4.270  0.0000E+00  0.2000E+01
  -4.260  0.0000E+00  0.2000E+01
  -4.250  0.0000E+00  0.2000E+01
  -4.240  0.0000E+00  0.2000E+01
  -4.230  0.0000E+00  0.2000E+01
  -4.220  0.0000E+00  0.2000E+01
  -4.210  0.0000E+00  0.2000E+01
  -4.200  0.0000E+00  0.2000E+01
  -4.190  0.0000E+00  0.2000E+01
  -4.180  0.0000E+00  0.2000E+01
  -4.170  0.0000E+00  0.2000E+01
  -4.160  0.0000E+00  0.2000E+01
  -4.150  0.0000E+00  0.2000E+01
  -4.140  0.0000E+00  0.2000E+01
  -4.130  0.0000E+00  0.2000E+01
  -4.120  0.0000E+00  0.2000E+01
  -4.110  0.0000E+00  0.2000E+01
  -4.100  0.0000E+00  0.2000E+01
  -4.090  0.0000E+00  0.2000E+01
  -4.080  0.0000E+00  0.2000E+01
  -4.070  0.0000E+00  0.2000E+01
  -4.060  0.0000E+00  0.2000E+01
  -4.050  0.0000E+00  0.2000E+01
  -4.040  0.0000E+00  0.2000E+01
  -4.030  0.0000E+00  0.2000E+01
  -4.020  0.0000E+00  0.2000E+01
  -4.010  0.0000E+00  0.2000E+01
  -4.000  0.0000E+00  0.2000E+01
  -3.990  0.0000E+00  0.2000E+01
  -3.980  0.0000E+00  0.2000E+01
  -3.970  0.0000E+00  0.2000E+01
  -3.960  0.0000E+00  0.2000E+01
  -3.950  0.0000E+00  0.2000E+01
  -3.940  0.0000E+00  0.2000E+01
  -3.930  0.0000E+00  0.2000E+01
  -3.920  0.0000E+00  0.2000E+01
  -3.910  0.0000E+00  0.2000E+01
  -3.900  0.0000E+00  0.2000E+01
  -3.890  0.0000E+00  0.2000E+01
  -3.880  0.0000E+00  0.2000E+01
  -3.870  0.0000E+00  0.2000E+01
  -3.860  0.0000E+00  0.2000E+01
  -3.850  0.0000E+00  0.2000E+01
  -3.840  0.0000E+00  0.2000E+01
  -3.830  0.0000E+00  0.2000E+01
  -3.820  0.0000E+00  0.2000E+01
  -3.810  0.0000E+00  0.2000E+01
  -3.800  0.0000E+00  0.2000E+01
  -3.790  0.0000E+00  0.2000E+01
  -3.780  0.0000E+00  0.2000E+01
  -3.770  0.0000E+00  0.2000E+01
  -3.760  0.0000E+00  0.2000E+01
  -3.750  0.0000E+00  0.2000E+01
  -3.740  0.0000E+00  0.2000E+01
  -3.730  0.0000E+00  0.2000E+01
  -3.720  0.0000E+00  0.2000E+01
  -3.710  0.0000E+00  0.2000E+01
  -3.700  0.0000E+00  0.2000E+01
  -3.690  0.0000E+00  0.2000E+01
  -3.680  0.0000E+00  0.2000E+01
  -3.670  0.0000E+00  0.2000E+01
  -3.660  0.0000E+00  0.2000E+01
  -3.650  0.0000E+00  0.2000E+01
  -3.640  0.0000E+00  0.2000E+01
  -3.630  0.0000E+00  0.2000E+01
  -3.620  0.0000E+00  0.2000E+01
  -3.610  0.0000E+00  0.2000E+01
  -3.600  0.0000E+00  0.2000E+01
  -3.590  0.0000E+00  0.2000E+01
  -3.580  0.0000E+00  0.2000E+01
  -3.570  0.0000E+00  0.2000E+01
  -3.560  0.0000E+00  0.2000E+01
  -3.550  0.0000E+00  0.2000E+01
  -3.540  0.0000E+00  0.2000E+01
  -3.530  0.0000E+00  0.2000E+01
  -3.520  0.0000E+00  0.2000E+01
  -3.510  0.0000E+00  0.2000E+01
  -3.500  0.0000E+00  0.2000E+01
  -3.490  0.0000E+00  0.2000E+01
  -3.480  0.0000E+00  0.2000E+01
  -3.470  0.0000E+00  0.2000E+01
  -3.460  0.0000E+00  0.2000E+01
  -3.450  0.0000E+00  0.2000E+01
  -3.440  0.0000E+00  0.2000E+01
  -3.430  0.0000E+00  0.2000E+01
  -3.420  0.0000E+00  0.2000E+01
  -3.410  0.0000E+00  0.2000E+01
  -3.400  0.0000E+00  0.2000E+01
  -3.390  0.0000E+00  0.2000E+01
  -3.380  0.0000E+00  0.2000E+01
  -3.370  0.0000E+00  0.2000E+01
  -3.360  0.0000E+00  0.2000E+01
  -3.350  0.0000E+00  0.2000E+01
  -3.340  0.0000E+00  0.2000E+01
  -3.330  0.0000E+00  0.2000E+01
  -3.320  0.0000E+00  0.2000E+01
  -3.310  0.0000E+00  0.2000E+01
  -3.300  0.0000E+00  0.2000E+01
  -3.290  0.0000E+00  0.2000E+01
  -3.280  0.0000E+00  0.2000E+01
  -3.270  0.0000E+00  0.2000E+01
  -3.260  0.0000E+00  0.2000E+01
  -3.250  0.0000E+00  0.2000E+01
  -3.240  0.0000E+00  0.2000E+01
  -3.230  0.0000E+00  0.2000E+01
  -3.220  0.0000E+00  0.2000E+01
  -3.210  0.0000E+00  0.2000E+01
  -3.200  0.0000E+00  0.2000E+01
  -3.190  0.0000E+00  0.2000E+01
  -3.180  0.0000E+00  0.2000E+01
  -3.170  0.0000E+00  0.2000E+01
  -3.160  0.0000E+00  0.2000E+01
  -3.150  0.0000E+00  0.2000E+01
  -3.140  0.0000E+00  0.2000E+01
  -3.130  0.0000E+00  0.2000E+01
  -3.120  0.0000E+00  0.2000E+01
  -3.110  0.0000E+00  0.2000E+01
  -3.100  0.0000E+00  0.2000E+01
  -3.090  0.0000E+00  0.2000E+01
  -3.080  0.0000E+00  0.2000E+01
  -3.070  0.0000E+00  0.2000E+01
  -3.060  0.0000E+00  0.2000E+01
  -3.050  0.0000E+00  0.2000E+01
  -3.040  0.0000E+00  0.2000E+01
  -3.030  0.0000E+00  0.2000E+01
  -3.020  0.0000E+00  0.2000E+01
  -3.010  0.0000E+00  0.2000E+01
  -3.000  0.0000E+00  0.2000E+01
  -2.990  0.0000E+00  0.2000E+01
  -2.980  0.0000E+00  0.2000E+01
  -2.970  0.0000E+00  0.2000E+01
  -2.960  0.0000E+00  0.2000E+01
  -2.950  0.0000E+00  0.2000E+01
  -2.940  0.0000E+00  0.2000E+01
  -2.930  0.0000E+00  0.2000E+01
  -2.920  0.0000E+00  0.2000E+01
  -2.910  0.0000E+00  0.2000E+01
  -2.900  0.0000E+00  0.2000E+01
  -2.890  0.0000E+00  0.2000E+01
  -2.880  0.0000E+00  0.2000E+01
  -2.870  0.0000E+00  0.2000E+01
  -2.860  0.0000E+00  0.2000E+01
  -2.850  0.0000E+00  0.2000E+01
  -2.840  0.0000E+00  0.2000E+01
  -2.830  0.0000E+00  0.2000E+01
  -2.820  0.0000E+00  0.2000E+01
  -2.810  0.0000E+00  0.2000E+01
  -2.800  0.0000E+00  0.2000E+01
  -2.790  0.0000E+00  0.2000E+01
  -2.780  0.0000E+00  0.2000E+01
  -2.770  0.0000E+00  0.2000E+01
  -2.760  0.0000E+00  0.2000E+01
  -2.750  0.0000E+00  0.2000E+01
  -2.740  0.0000E+00  0.2000E+01
  -2.730  0.0000E+00  0.2000E+01
  -2.720  0.0000E+00  0.2000E+01
  -2.710  0.0000E+00  0.2000E+01
  -2.700  0.0000E+00  0.2000E+01
  -2.690  0.0000E+00  0.2000E+01
  -2.680  0.0000E+00  0.2000E+01
  -2.670  0.0000E+00  0.2000E+01
  -2.660  0.0000E+00  0.2000E+01
  -2.650  0.0000E+00  0.2000E+01
  -2.640  0.0000E+00  0.2000E+01
  -2.630  0.0000E+00  0.2000E+01
  -2.620  0.0000E+00  0.2000E+01
  -2.610  0.0000E+00  0.2000E+01
  -2.600  0.0000E+00  0.2000E+01
  -2.590  0.0000E+00  0.2000E+01
  -2.580  0.0000E+00  0.2000E+01
  -2.570  0.0000E+00  0.2000E+01
  -2.560  0.0000E+00  0.2000E+01
  -2.550  0.0000E+00  0.2000E+01
  -2.540  0.0000E+00  0.2000E+01
  -2.530  0.0000E+00  0.2000E+01
  -2.520  0.0000E+00  0.2000E+01
  -2.510  0.0000E+00  0.2000E+01
  -2.500  0.0000E+00  0.2000E+01
  -2.490  0.0000E+00  0.2000E+01
  -2.480  0.0000E+00  0.2000E+01
  -2.470  0.0000E+00  0.2000E+01
  -2.460  0.0000E+00  0.2000E+01
  -2.450  0.0000E+00  0.2000E+01
  -2.440  0.0000E+00  0.2000E+01
  -2.430  0.0000E+00  0.2000E+01
  -2.420  0.0000E+00  0.2000E+01
  -2.410  0.0000E+00  0.2000E+01
  -2.400  0.0000E+00  0.2000E+01
  -2.390  0.0000E+00  0.2000E+01
  -2.380  0.0000E+00  0.2000E+01
  -2.370  0.0000E+00  0.2000E+01
  -2.360  0.0000E+00  0.2000E+01
  -2.350  0.0000E+00  0.2000E+01
  -2.340  0.0000E+00  0.2000E+01
  -2.330  0.0000E+00  0.2000E+01
  -2.320  0.0000E+00  0.2000E+01
  -2.310  0.0000E+00  0.2000E+01
  -2.300  0.0000E+00  0.2000E+01
  -2.290  0.0000E+00  0.2000E+01
  -2.280  0.0000E+00  0.2000E+01
  -2.270  0.0000E+00  0.2000E+01
  -2.260  0.0000E+00  0.2000E+01
  -2.250  0.0000E+00  0.2000E+01
  -2.240  0.0000E+00  0.2000E+01
  -2.230  0.0000E+00  0.2000E+01
  -2.220  0.0000E+00  0.2000E+01
  -2.210  0.0000E+00  0.2000E+01
  -2.200  0.0000E+00  0.2000E+01
  -2.190  0.0000E+00  0.2000E+01
  -2.180  0.0000E+00  0.2000E+01
  -2.170  0.0000E+00  0.2000E+01
  -2.160  0.0000E+00  0.2000E+01
  -2.150  0.0000E+00  0.2000E+01
  -2.140  0.0000E+00  0.2000E+01
  -2.130  0.0000E+00  0.2000E+01
  -2.120  0.0000E+00  0.2000E+01
  -2.110  0.0000E+00  0.2000E+01
  -2.100  0.0000E+00  0.2000E+01
  -2.090  0.0000E+00  0.2000E+01
  -2.080  0.0000E+00  0.2000E+01
  -2.070  0.0000E+00  0.2000E+01
  -2.060  0.0000E+00  0.2000E+01
  -2.050  0.0000E+00  0.2000E+01
  -2.040  0.0000E+00  0.2000E+01
  -2.030  0.0000E+00  0.2000E+01
  -2.020  0.0000E+00  0.2000E+01
  -2.010  0.0000E+00  0.2000E+01
  -2.000  0.0000E+00  0.2000E+01
  -1.990  0.0000E+00  0.2000E+01
  -1.980  0.0000E+00  0.2000E+01
  -1.970  0.0000E+00  0.2000E+01
  -1.960  0.0000E+00  0.2000E+01
  -1.950  0.0000E+00  0.2000E+01
  -1.940  0.0000E+00  0.2000E+01
  -1.930  0.0000E+00  0.2000E+01
  -1.920  0.0000E+00  0.2000E+01
  -1.910  0.0000E+00  0.2000E+01
  -1.900  0.0000E+00  0.2000E+01
  -1.890  0.0000E+00  0.2000E+01
  -1.880  0.0000E+00  0.2000E+01
  -1.870  0.0000E+00  0.2000E+01
  -1.860  0.0000E+00  0.2000E+01
  -1.850  0.0000E+00  0.2000E+01
  -1.840  0.0000E+00  0.2000E+01
  -1.830  0.0000E+00  0.2000E+01
  -1.820  0.0000E+00  0.2000E+01
  -1.810  0.0000E+00  0.2000E+01
  -1.800  0.0000E+00  0.2000E+01
  -1.790  0.0000E+00  0.2000E+01
  -1.780  0.0000E+00  0.2000E+01
  -1.770  0.0000E+00  0.2000E+01
  -1.760  0.0000E+00  0.2000E+01
  -1.750  0.0000E+00  0.2000E+01
  -1.740  0.0000E+00  0.2000E+01
  -1.730  0.0000E+00  0.2000E+01
  -1.720  0.0000E+00  0.2000E+01
  -1.710  0.0000E+00  0.2000E+01
  -1.700  0.0000E+00  0.2000E+01
  -1.690  0.0000E+00  0.2000E+01
  -1.680  0.0000E+00  0.2000E+01
  -1.670  0.0000E+00  0.2000E+01
  -1.660  0.0000E+00  0.2000E+01
  -1.650  0.0000E+00  0.2000E+01
  -1.640  0.0000E+00  0.2000E+01
  -1.630  0.0000E+00  0.2000E+01
  -1.620  0.0000E+00  0.2000E+01
  -1.610  0.0000E+00  0.2000E+01
  -1.600  0.0000E+00  0.2000E+01
  -1.590  0.0000E+00  0.2000E+01
  -1.580  0.0000E+00  0.2000E+01
  -1.570  0.0000E+00  0.2000E+01
  -1.560  0.0000E+00  0.2000E+01
  -1.550  0.0000E+00  0.2000E+01
  -1.540  0.0000E+00  0.2000E+01
  -1.530  0.0000E+00  0.2000E+01
  -1.520  0.0000E+00  0.2000E+01
  -1.510  0.0000E+00  0.2000E+01
  -1.500  0.0000E+00  0.2000E+01
  -1.490  0.0000E+00  0.2000E+01
  -1.480  0.0000E+00  0.2000E+01
  -1.470  0.0000E+00  0.2000E+01
  -1.460  0.0000E+00  0.2000E+01
  -1.450  0.0000E+00  0.2000E+01
  -1.440  0.0000E+00  0.2000E+01
  -1.430  0.0000E+00  0.2000E+01
  -1.420  0.0000E+00  0.2000E+01
  -1.410  0.0000E+00  0.2000E+01
  -1.400  0.0000E+00  0.2000E+01
  -1.390  0.0000E+00  0.2000E+01
  -1.380  0.0000E+00  0.2000E+01
  -1.370  0.0000E+00  0.2000E+01
  -1.360  0.0000E+00  0.2000E+01
  -1.350  0.0000E+00  0.2000E+01
  -1.340  0.0000E+00  0.2000E+01
  -1.330  0.0000E+00  0.2000E+01
  -1.320  0.0000E+00  0.2000E+01
  -1.310  0.0000E+00  0.2000E+01
  -1.300  0.0000E+00  0.2000E+01
  -1.290  0.0000E+00  0.2000E+01
  -1.280  0.0000E+00  0.2000E+01
  -1.270  0.0000E+00  0.2000E+01
  -1.260  0.0000E+00  0.2000E+01
  -1.250  0.0000E+00  0.2000E+01
  -1.240  0.0000E+00  0.2000E+01
  -1.230  0.0000E+00  0.2000E+01
  -1.220  0.0000E+00  0.2000E+01
  -1.210  0.0000E+00  0.2000E+01
  -1.200  0.0000E+00  0.2000E+01
  -1.190  0.0000E+00  0.2000E+01
  -1.180  0.0000E+00  0.2000E+01
  -1.170  0.0000E+00  0.2000E+01
  -1.160  0.0000E+00  0.2000E+01
  -1.150  0.0000E+00  0.2000E+01
  -1.140  0.0000E+00  0.2000E+01
  -1.130  0.0000E+00  0.2000E+01
  -1.120  0.0000E+00  0.2000E+01
  -1.110  0.0000E+00  0.2000E+01
  -1.100  0.0000E+00  0.2000E+01
  -1.090  0.0000E+00  0.2000E+01
  -1.080  0.0000E+00  0.2000E+01
  -1.070  0.0000E+00  0.2000E+01
  -1.060  0.0000E+00  0.2000E+01
  -1.050  0.0000E+00  0.2000E+01
  -1.040  0.0000E+00  0.2000E+01
  -1.030  0.0000E+00  0.2000E+01
  -1.020  0.0000E+00  0.2000E+01
  -1.010  0.0000E+00  0.2000E+01
  -1.000  0.0000E+00  0.2000E+01
  -0.990  0.0000E+00  0.2000E+01
  -0.980  0.0000E+00  0.2000E+01
  -0.970  0.0000E+00  0.2000E+01
  -0.960  0.0000E+00  0.2000E+01
  -0.950  0.0000E+00  0.2000E+01
  -0.940  0.0000E+00  0.2000E+01
  -0.930  0.0000E+00  0.2000E+01
  -0.920  0.0000E+00  0.2000E+01
  -0.910  0.0000E+00  0.2000E+01
  -0.900  0.0000E+00  0.2000E+01
  -0.890  0.0000E+00  0.2000E+01
  -0.880  0.0000E+00  0.2000E+01
  -0.870  0.0000E+00  0.2000E+01
  -0.860  0.0000E+00  0.2000E+01
  -0.850  0.0000E+00  0.2000E+01
  -0.840  0.0000E+00  0.2000E+01
  -0.830  0.0000E+00  0.2000E+01
  -0.820  0.0000E+00  0.2000E+01
  -0.810  0.0000E+00  0.2000E+01
  -0.800  0.0000E+00  0.2000E+01
  -0.790  0.0000E+00  0.2000E+01
  -0.780  0.0000E+00  0.2000E+01
  -0.770  0.0000E+00  0.2000E+01
  -0.760  0.0000E+00  0.2000E+01
  -0.750  0.0000E+00  0.2000E+01
  -0.740  0.0000E+00  0.2000E+01
  -0.730  0.0000E+00  0.2000E+01
  -0.720  0.0000E+00  0.2000E+01
  -0.710  0.0000E+00  0.2000E+01
  -0.700  0.0000E+00  0.2000E+01
  -0.690  0.0000E+00  0.2000E+01
  -0.680  0.0000E+00  0.2000E+01
  -0.670  0.0000E+00  0.2000E+01
  -0.660  0.0000E+00  0.2000E+01
  -0.650  0.0000E+00  0.2000E+01
  -0.640  0.0000E+00  0.2000E+01
  -0.630  0.0000E+00  0.2000E+01
  -0.620  0.0000E+00  0.2000E+01
  -0.610  0.0000E+00  0.2000E+01
  -0.600  0.0000E+00  0.2000E+01
  -0.590  0.0000E+00  0.2000E+01
  -0.580  0.0000E+00  0.2000E+01
  -0.570  0.0000E+00  0.2000E+01
  -0.560  0.0000E+00  0.2000E+01
  -0.550  0.0000E+00  0.2000E+01
  -0.540  0.0000E+00  0.2000E+01
  -0.530  0.0000E+00  0.2000E+01
  -0.520  0.0000E+00  0.2000E+01
  -0.510  0.0000E+00  0.2000E+01
  -0.500  0.0000E+00  0.2000E+01
  -0.490  0.0000E+00  0.2000E+01
  -0.480  0.0000E+00  0.2000E+01
  -0.470  0.0000E+00  0.2000E+01
  -0.460  0.0000E+00  0.2000E+01
  -0.450  0.0000E+00  0.2000E+01
  -0.440  0.0000E+00  0.2000E+01
  -0.430  0.0000E+00  0.2000E+01
  -0.420  0.0000E+00  0.2000E+01
  -0.410  0.0000E+00  0.2000E+01
  -0.400  0.0000E+00  0.2000E+01
  -0.390  0.0000E+00  0.2000E+01
  -0.380  0.0000E+00  0.2000E+01
  -0.370  0.0000E+00  0.2000E+01
  -0.360  0.0000E+00  0.2000E+01
  -0.350  0.0000E+00  0.2000E+01
  -0.340  0.0000E+00  0.2000E+01
  -0.330  0.0000E+00  0.2000E+01
  -0.320  0.0000E+00  0.2000E+01
  -0.310  0.0000E+00  0.2000E+01
  -0.300  0.0000E+00  0.2000E+01
  -0.290  0.0000E+00  0.2000E+01
  -0.280  0.0000E+00  0.2000E+01
  -0.270  0.0000E+00  0.2000E+01
  -0.260  0.0000E+00  0.2000E+01
  -0.250  0.0000E+00  0.2000E+01
  -0.240  0.0000E+00  0.2000E+01
  -0.230  0.0000E+00  0.2000E+01
  -0.220  0.0000E+00  0.2000E+01
  -0.210  0.0000E+00  0.2000E+01
  -0.200  0.0000E+00  0.2000E+01
  -0.190  0.0000E+00  0.2000E+01
  -0.180  0.0000E+00  0.2000E+01
  -0.170  0.0000E+00  0.2000E+01
  -0.160  0.0000E+00  0.2000E+01
  -0.150  0.0000E+00  0.2000E+01
  -0.140  0.0000E+00  0.2000E+01
  -0.130  0.0000E+00  0.2000E+01
  -0.120  0.0000E+00  0.2000E+01
  -0.110  0.0000E+00  0.2000E+01
  -0.100  0.0000E+00  0.2000E+01
  -0.090  0.0000E+00  0.2000E+01
  -0.080  0.0000E+00  0.2000E+01
  -0.070  0.0000E+00  0.2000E+01
  -0.060  0.0000E+00  0.2000E+01
  -0.050  0.0000E+00  0.2000E+01
  -0.040  0.0000E+00  0.2000E+01
  -0.030  0.0000E+00  0.2000E+01
  -0.020  0.0000E+00  0.2000E+01
  -0.010  0.0000E+00  0.2000E+01
   0.000  0.0000E+00  0.2000E+01
   0.010  0.0000E+00  0.2000E+01
   0.020  0.0000E+00  0.2000E+01
   0.030  0.0000E+00  0.2000E+01
   0.040  0.0000E+00  0.2000E+01
   0.050  0.0000E+00  0.2000E+01
   0.060  0.0000E+00  0.2000E+01
   0.070  0.0000E+00  0.2000E+01
   0.080  0.0000E+00  0.2000E+01
   0.090  0.0000E+00  0.2000E+01
   0.100  0.0000E+00  0.2000E+01
   0.110  0.0000E+00  0.2000E+01
   0.120  0.0000E+00  0.2000E+01
   0.130  0.0000E+00  0.2000E+01
   0.140  0.0000E+00  0.2000E+01
   0.150  0.0000E+00  0.2000E+01
   0.160  0.0000E+00  0.2000E+01
   0.170  0.0000E+00  0.2000E+01
   0.180  0.0000E+00  0.2000E+01
   0.190  0.0000E+00  0.2000E+01
   0.200  0.0000E+00  0.2000E+01
   0.210  0.0000E+00  0.2000E+01
   0.220  0.0000E+00  0.2000E+01
   0.230  0.0000E+00  0.2000E+01
   0.240  0.0000E+00  0.2000E+01
   0.250  0.0000E+00  0.2000E+01
   0.260  0.0000E+00  0.2000E+01
   0.270  0.0000E+00  0.2000E+01
   0.280  0.0000E+00  0.2000E+01
   0.290  0.0000E+00  0.2000E+01
   0.300  0.0000E+00  0.2000E+01
   0.310  0.0000E+00  0.2000E+01
   0.320  0.0000E+00  0.2000E+01
   0.330  0.0000E+00  0.2000E+01
   0.340  0.0000E+00  0.2000E+01
   0.350  0.0000E+00  0.2000E+01
   0.360  0.0000E+00  0.2000E+01
   0.370  0.0000E+00  0.2000E+01
   0.380  0.0000E+00  0.2000E+01
   0.390  0.0000E+00  0.2000E+01
   0.400  0.0000E+00  0.2000E+01
   0.410  0.0000E+00  0.2000E+01
   0.420  0.0000E+00  0.2000E+01
   0.430  0.0000E+00  0.2000E+01
   0.440  0.0000E+00  0.2000E+01
   0.450  0.0000E+00  0.2000E+01
   0.460  0.0000E+00  0.2000E+01
   0.470  0.0000E+00  0.2000E+01
   0.480  0.0000E+00  0.2000E+01
   0.490  0.0000E+00  0.2000E+01
   0.500  0.0000E+00  0.2000E+01
   0.510  0.0000E+00  0.2000E+01
   0.520  0.0000E+00  0.2000E+01
   0.530  0.0000E+00  0.2000E+01
   0.540  0.0000E+00  0.2000E+01
   0.550  0.0000E+00  0.2000E+01
   0.560  0.0000E+00  0.2000E+01
   0.570  0.0000E+00  0.2000E+01
   0.580  0.0000E+00  0.2000E+01
   0.590  0.0000E+00  0.2000E+01
   0.600  0.0000E+00  0.2000E+01
   0.610  0.0000E+00  0.2000E+01
   0.620  0.0000E+00  0.2000E+01
   0.630  0.0000E+00  0.2000E+01
   0.640  0.0000E+00  0.2000E+01
   0.650  0.0000E+00  0.2000E+01
   0.660  0.0000E+00  0.2000E+01
   0.670  0.0000E+00  0.2000E+01
   0.680  0.0000E+00  0.2000E+01
   0.690  0.0000E+00  0.2000E+01
   0.700  0.0000E+00  0.2000E+01
   0.710  0.0000E+00  0.2000E+01
   0.720  0.0000E+00  0.2000E+01
   0.730  0.0000E+00  0.2000E+01
   0.740  0.0000E+00  0.2000E+01
   0.750  0.0000E+00  0.2000E+01
   0.760  0.0000E+00  0.2000E+01
   0.770  0.0000E+00  0.2000E+01
   0.780  0.0000E+00  0.2000E+01
   0.790  0.0000E+00  0.2000E+01
   0.800  0.0000E+00  0.2000E+01
   0.810  0.0000E+00  0.2000E+01
   0.820  0.0000E+00  0.2000E+01
   0.830  0.0000E+00  0.2000E+01
   0.840  0.0000E+00  0.2000E+01
   0.850  0.0000E+00  0.2000E+01
   0.860  0.0000E+00  0.2000E+01
   0.870  0.0000E+00  0.2000E+01
   0.880  0.0000E+00  0.2000E+01
   0.890  0.0000E+00  0.2000E+01
   0.900  0.0000E+00  0.2000E+01
   0.910  0.0000E+00  0.2000E+01
   0.920  0.0000E+00  0.2000E+01
   0.930  0.0000E+00  0.2000E+01
   0.940  0.0000E+00  0.2000E+01
   0.950  0.0000E+00  0.2000E+01
   0.960  0.0000E+00  0.2000E+01
   0.970  0.0000E+00  0.2000E+01
   0.980  0.0000E+00  0.2000E+01
   0.990  0.0000E+00  0.2000E+01
   1.000  0.0000E+00  0.2000E+01
   1.010  0.0000E+00  0.2000E+01
   1.020  0.0000E+00  0.2000E+01
   1.030  0.0000E+00  0.2000E+01
   1.040  0.0000E+00  0.2000E+01
   1.050  0.0000E+00  0.2000E+01
   1.060  0.0000E+00  0.2000E+01
   1.070  0.0000E+00  0.2000E+01
   1.080  0.0000E+00  0.2000E+01
   1.090  0.0000E+00  0.2000E+01
   1.100  0.0000E+00  0.2000E+01
   1.110  0.0000E+00  0.2000E+01
   1.120  0.0000E+00  0.2000E+01
   1.130  0.0000E+00  0.2000E+01
   1.140  0.0000E+00  0.2000E+01
   1.150  0.0000E+00  0.2000E+01
   1.160  0.0000E+00  0.2000E+01
   1.170  0.0000E+00  0.2000E+01
   1.180  0.0000E+00  0.2000E+01
   1.190  0.0000E+00  0.2000E+01
   1.200  0.0000E+00  0.2000E+01
   1.210  0.0000E+00  0.2000E+01
   1.220  0.0000E+00  0.2000E+01
   1.230  0.0000E+00  0.2000E+01
   1.240  0.0000E+00  0.2000E+01
   1.250  0.0000E+00  0.2000E+01
   1.260  0.0000E+00  0.2000E+01
   1.270  0.0000E+00  0.2000E+01
   1.280  0.0000E+00  0.2000E+01
   1.290  0.0000E+00  0.2000E+01
   1.300  0.0000E+00  0.2000E+01
   1.310  0.0000E+00  0.2000E+01
   1.320  0.0000E+00  0.2000E+01
   1.330  0.0000E+00  0.2000E+01
   1.340  0.0000E+00  0.2000E+01
   1.350  0.0000E+00  0.2000E+01
   1.360  0.0000E+00  0.2000E+01
   1.370  0.0000E+00  0.2000E+01
   1.380  0.0000E+00  0.2000E+01
   1.390  0.0000E+00  0.2000E+01
   1.400  0.0000E+00  0.2000E+01
   1.410  0.0000E+00  0.2000E+01
   1.420  0.0000E+00  0.2000E+01
   1.430  0.0000E+00  0.2000E+01
   1.440  0.0000E+00  0.2000E+01
   1.450  0.0000E+00  0.2000E+01
   1.460  0.0000E+00  0.2000E+01
   1.470  0.0000E+00  0.2000E+01
   1.480  0.0000E+00  0.2000E+01
   1.490  0.0000E+00  0.2000E+01
   1.500  0.0000E+00  0.2000E+01
   1.510  0.0000E+00  0.2000E+01
   1.520  0.0000E+00  0.2000E+01
   1.530  0.0000E+00  0.2000E+01
   1.540  0.0000E+00  0.2000E+01
   1.550  0.0000E+00  0.2000E+01
   1.560  0.0000E+00  0.2000E+01
   1.570  0.0000E+00  0.2000E+01
   1.580  0.0000E+00  0.2000E+01
   1.590  0.0000E+00  0.2000E+01
   1.600  0.0000E+00  0.2000E+01
   1.610  0.0000E+00  0.2000E+01
   1.620  0.0000E+00  0.2000E+01
   1.630  0.0000E+00  0.2000E+01
   1.640  0.0000E+00  0.2000E+01
   1.650  0.0000E+00  0.2000E+01
   1.660  0.0000E+00  0.2000E+01
   1.670  0.0000E+00  0.2000E+01
   1.680  0.0000E+00  0.2000E+01
   1.690  0.0000E+00  0.2000E+01
   1.700  0.0000E+00  0.2000E+01
   1.710  0.0000E+00  0.2000E+01
   1.720  0.0000E+00  0.2000E+01
   1.730  0.0000E+00  0.2000E+01
   1.740  0.0000E+00  0.2000E+01
   1.750  0.0000E+00  0.2000E+01
   1.760  0.0000E+00  0.2000E+01
   1.770  0.0000E+00  0.2000E+01
   1.780  0.0000E+00  0.2000E+01
   1.790  0.0000E+00  0.2000E+01
   1.800  0.0000E+00  0.2000E+01
   1.810  0.0000E+00  0.2000E+01
   1.820  0.0000E+00  0.2000E+01
   1.830  0.0000E+00  0.2000E+01
   1.840  0.0000E+00  0.2000E+01
   1.850  0.0000E+00  0.2000E+01
   1.860  0.0000E+00  0.2000E+01
   1.870  0.0000E+00  0.2000E+01
   1.880  0.0000E+00  0.2000E+01
   1.890  0.0000E+00  0.2000E+01
   1.900  0.0000E+00  0.2000E+01
   1.910  0.0000E+00  0.2000E+01
   1.920  0.0000E+00  0.2000E+01
   1.930  0.0000E+00  0.2000E+01
   1.940  0.0000E+00  0.2000E+01
   1.950  0.0000E+00  0.2000E+01
   1.960  0.0000E+00  0.2000E+01
   1.970  0.0000E+00  0.2000E+01
   1.980  0.0000E+00  0.2000E+01
   1.990  0.0000E+00  0.2000E+01
   2.000  0.0000E+00  0.2000E+01
   2.010  0.0000E+00  0.2000E+01
   2.020  0.0000E+00  0.2000E+01
   2.030  0.0000E+00  0.2000E+01
   2.040  0.0000E+00  0.2000E+01
   2.050  0.0000E+00  0.2000E+01
   2.060  0.0000E+00  0.2000E+01
   2.070  0.0000E+00  0.2000E+01
   2.080  0.0000E+00  0.2000E+01
   2.090  0.0000E+00  0.2000E+01
   2.100  0.0000E+00  0.2000E+01
   2.110  0.0000E+00  0.2000E+01
   2.120  0.0000E+00  0.2000E+01
   2.130  0.0000E+00  0.2000E+01
   2.140  0.0000E+00  0.2000E+01
   2.150  0.0000E+00  0.2000E+01
   2.160  0.0000E+00  0.2000E+01
   2.170  0.0000E+00  0.2000E+01
   2.180  0.0000E+00  0.2000E+01
   2.190  0.0000E+00  0.2000E+01
   2.200  0.0000E+00  0.2000E+01
   2.210  0.0000E+00  0.2000E+01
   2.220  0.0000E+00  0.2000E+01
   2.230  0.0000E+00  0.2000E+01
   2.240  0.0000E+00  0.2000E+01
   2.250  0.0000E+00  0.2000E+01
   2.260  0.0000E+00  0.2000E+01
   2.270  0.0000E+00  0.2000E+01
   2.280  0.0000E+00  0.2000E+01
   2.290  0.0000E+00  0.2000E+01
   2.300  0.0000E+00  0.2000E+01
   2.310  0.0000E+00  0.2000E+01
   2.320  0.0000E+00  0.2000E+01
   2.330  0.0000E+00  0.2000E+01
   2.340  0.0000E+00  0.2000E+01
   2.350  0.0000E+00  0.2000E+01
   2.360  0.0000E+00  0.2000E+01
   2.370  0.0000E+00  0.2000E+01
   2.380  0.0000E+00  0.2000E+01
   2.390  0.0000E+00  0.2000E+01
   2.400  0.0000E+00  0.2000E+01
   2.410  0.0000E+00  0.2000E+01
   2.420  0.0000E+00  0.2000E+01
   2.430  0.0000E+00  0.2000E+01
   2.440  0.0000E+00  0.2000E+01
   2.450  0.0000E+00  0.2000E+01
   2.460  0.0000E+00  0.2000E+01
   2.470  0.0000E+00  0.2000E+01
   2.480  0.0000E+00  0.2000E+01
   2.490  0.0000E+00  0.2000E+01
   2.500  0.0000E+00  0.2000E+01
   2.510  0.0000E+00  0.2000E+01
   2.520  0.0000E+00  0.2000E+01
   2.530  0.0000E+00  0.2000E+01
   2.540  0.0000E+00  0.2000E+01
   2.550  0.0000E+00  0.2000E+01
   2.560  0.0000E+00  0.2000E+01
   2.570  0.0000E+00  0.2000E+01
   2.580  0.0000E+00  0.2000E+01
   2.590  0.0000E+00  0.2000E+01
   2.600  0.0000E+00  0.2000E+01
   2.610  0.0000E+00  0.2000E+01
   2.620  0.0000E+00  0.2000E+01
   2.630  0.0000E+00  0.2000E+01
   2.640  0.0000E+00  0.2000E+01
   2.650  0.0000E+00  0.2000E+01
   2.660  0.0000E+00  0.2000E+01
   2.670  0.0000E+00  0.2000E+01
   2.680  0.0000E+00  0.2000E+01
   2.690  0.0000E+00  0.2000E+01
   2.700  0.0000E+00  0.2000E+01
   2.710  0.0000E+00  0.2000E+01
   2.720  0.0000E+00  0.2000E+01
   2.730  0.0000E+00  0.2000E+01
   2.740  0.0000E+00  0.2000E+01
   2.750  0.0000E+00  0.2000E+01
   2.760  0.0000E+00  0.2000E+01
   2.770  0.0000E+00  0.2000E+01
   2.780  0.0000E+00  0.2000E+01
   2.790  0.0000E+00  0.2000E+01
   2.800  0.0000E+00  0.2000E+01
   2.810  0.0000E+00  0.2000E+01
   2.820  0.0000E+00  0.2000E+01
   2.830  0.0000E+00  0.2000E+01
   2.840  0.0000E+00  0.2000E+01
   2.850  0.0000E+00  0.2000E+01
   2.860  0.0000E+00  0.2000E+01
   2.870  0.0000E+00  0.2000E+01
   2.880  0.0000E+00  0.2000E+01
   2.890  0.0000E+00  0.2000E+01
   2.900  0.0000E+00  0.2000E+01
   2.910  0.0000E+00  0.2000E+01
   2.920  0.0000E+00  0.2000E+01
   2.930  0.0000E+00  0.2000E+01
   2.940  0.0000E+00  0.2000E+01
   2.950  0.0000E+00  0.2000E+01
   2.960  0.0000E+00  0.2000E+01
   2.970  0.0000E+00  0.2000E+01
   2.980  0.0000E+00  0.2000E+01
   2.990  0.0000E+00  0.2000E+01
   3.000  0.0000E+00  0.2000E+01
   3.010  0.0000E+00  0.2000E+01
   3.020  0.0000E+00  0.2000E+01
   3.030  0.0000E+00  0.2000E+01
   3.040  0.0000E+00  0.2000E+01
   3.050  0.0000E+00  0.2000E+01
   3.060  0.0000E+00  0.2000E+01
   3.070  0.0000E+00  0.2000E+01
   3.080  0.0000E+00  0.2000E+01
   3.090  0.0000E+00  0.2000E+01
   3.100  0.0000E+00  0.2000E+01
   3.110  0.0000E+00  0.2000E+01
   3.120  0.0000E+00  0.2000E+01
   3.130  0.0000E+00  0.2000E+01
   3.140  0.0000E+00  0.2000E+01
   3.150  0.0000E+00  0.2000E+01
   3.160  0.0000E+00  0.2000E+01
   3.170  0.0000E+00  0.2000E+01
   3.180  0.0000E+00  0.2000E+01
   3.190  0.0000E+00  0.2000E+01
   3.200  0.0000E+00  0.2000E+01
   3.210  0.0000E+00  0.2000E+01
   3.220  0.0000E+00  0.2000E+01
   3.230  0.0000E+00  0.2000E+01
   3.240  0.0000E+00  0.2000E+01
   3.250  0.0000E+00  0.2000E+01
   3.260  0.0000E+00  0.2000E+01
   3.270  0.0000E+00  0.2000E+01
   3.280  0.0000E+00  0.2000E+01
   3.290  0.0000E+00  0.2000E+01
   3.300  0.0000E+00  0.2000E+01
   3.310  0.0000E+00  0.2000E+01
   3.320  0.0000E+00  0.2000E+01
   3.330  0.0000E+00  0.2000E+01
   3.340  0.0000E+00  0.2000E+01
   3.350  0.0000E+00  0.2000E+01
   3.360  0.0000E+00  0.2000E+01
   3.370  0.0000E+00  0.2000E+01
   3.380  0.0000E+00  0.2000E+01
   3.390  0.0000E+00  0.2000E+01
   3.400  0.0000E+00  0.2000E+01
   3.410  0.0000E+00  0.2000E+01
   3.420  0.0000E+00  0.2000E+01
   3.430  0.0000E+00  0.2000E+01
   3.440  0.0000E+00  0.2000E+01
   3.450  0.0000E+00  0.2000E+01
   3.460  0.0000E+00  0.2000E+01
   3.470  0.0000E+00  0.2000E+01
   3.480  0.0000E+00  0.2000E+01
   3.490  0.0000E+00  0.2000E+01
   3.500  0.0000E+00  0.2000E+01
   3.510  0.1924E-07  0.2000E+01
   3.520  0.3834E-03  0.2000E+01
   3.530  0.1523E-02  0.2000E+01
   3.540  0.3418E-02  0.2000E+01
   3.550  0.6070E-02  0.2000E+01
   3.560  0.9478E-02  0.2000E+01
   3.570  0.1364E-01  0.2000E+01
   3.580  0.1856E-01  0.2000E+01
   3.590  0.2424E-01  0.2001E+01
   3.600  0.3067E-01  0.2001E+01
   3.610  0.3786E-01  0.2001E+01
   3.620  0.4580E-01  0.2002E+01
   3.630  0.5450E-01  0.2002E+01
   3.640  0.6396E-01  0.2003E+01
   3.650  0.7417E-01  0.2003E+01
   3.660  0.8870E-01  0.2004E+01
   3.670  0.1213E+00  0.2005E+01
   3.680  0.1511E+00  0.2007E+01
   3.690  0.1780E+00  0.2008E+01
   3.700  0.2020E+00  0.2010E+01
   3.710  0.2231E+00  0.2012E+01
   3.720  0.2413E+00  0.2015E+01
   3.730  0.2567E+00  0.2017E+01
   3.740  0.2691E+00  0.2020E+01
   3.750  0.2566E+00  0.2022E+01
   3.760  0.2455E+00  0.2025E+01
   3.770  0.2404E+00  0.2027E+01
   3.780  0.2414E+00  0.2030E+01
   3.790  0.2477E+00  0.2032E+01
   3.800  0.2549E+00  0.2035E+01
   3.810  0.2624E+00  0.2037E+01
   3.820  0.2702E+00  0.2040E+01
   3.830  0.2781E+00  0.2043E+01
   3.840  0.2863E+00  0.2046E+01
   3.850  0.2947E+00  0.2048E+01
   3.860  0.3033E+00  0.2051E+01
   3.870  0.3130E+00  0.2055E+01
   3.880  0.3227E+00  0.2058E+01
   3.890  0.3326E+00  0.2061E+01
   3.900  0.3425E+00  0.2064E+01
   3.910  0.3525E+00  0.2068E+01
   3.920  0.3626E+00  0.2071E+01
   3.930  0.3727E+00  0.2075E+01
   3.940  0.3829E+00  0.2079E+01
   3.950  0.3932E+00  0.2083E+01
   3.960  0.4036E+00  0.2087E+01
   3.970  0.4141E+00  0.2091E+01
   3.980  0.4246E+00  0.2095E+01
   3.990  0.4352E+00  0.2099E+01
   4.000  0.4462E+00  0.2104E+01
   4.010  0.4575E+00  0.2108E+01
   4.020  0.4692E+00  0.2113E+01
   4.030  0.4812E+00  0.2118E+01
   4.040  0.4937E+00  0.2122E+01
   4.050  0.5065E+00  0.2127E+01
   4.060  0.5198E+00  0.2133E+01
   4.070  0.4983E+00  0.2138E+01
   4.080  0.5017E+00  0.2143E+01
   4.090  0.5113E+00  0.2148E+01
   4.100  0.5211E+00  0.2153E+01
   4.110  0.5310E+00  0.2158E+01
   4.120  0.5411E+00  0.2164E+01
   4.130  0.5513E+00  0.2169E+01
   4.140  0.5617E+00  0.2175E+01
   4.150  0.5722E+00  0.2180E+01
   4.160  0.5829E+00  0.2186E+01
   4.170  0.5938E+00  0.2192E+01
   4.180  0.6048E+00  0.2198E+01
   4.190  0.6159E+00  0.2204E+01
   4.200  0.6272E+00  0.2210E+01
   4.210  0.6387E+00  0.2217E+01
   4.220  0.6503E+00  0.2223E+01
   4.230  0.6620E+00  0.2230E+01
   4.240  0.6740E+00  0.2236E+01
   4.250  0.6860E+00  0.2243E+01
   4.260  0.6982E+00  0.2250E+01
   4.270  0.7106E+00  0.2257E+01
   4.280  0.7237E+00  0.2264E+01
   4.290  0.7382E+00  0.2272E+01
   4.300  0.7543E+00  0.2279E+01
   4.310  0.7705E+00  0.2287E+01
   4.320  0.7822E+00  0.2294E+01
   4.330  0.7965E+00  0.2302E+01
   4.340  0.8144E+00  0.2310E+01
   4.350  0.8331E+00  0.2319E+01
   4.360  0.8527E+00  0.2327E+01
   4.370  0.8732E+00  0.2336E+01
   4.380  0.8945E+00  0.2344E+01
   4.390  0.9166E+00  0.2354E+01
   4.400  0.9396E+00  0.2363E+01
   4.410  0.9635E+00  0.2372E+01
   4.420  0.9882E+00  0.2382E+01
   4.430  0.1014E+01  0.2392E+01
   4.440  0.1040E+01  0.2402E+01
   4.450  0.1067E+01  0.2413E+01
   4.460  0.1096E+01  0.2424E+01
   4.470  0.1125E+01  0.2435E+01
   4.480  0.1157E+01  0.2446E+01
   4.490  0.1195E+01  0.2458E+01
   4.500  0.1238E+01  0.2470E+01
   4.510  0.1271E+01  0.2483E+01
   4.520  0.1307E+01  0.2496E+01
   4.530  0.1346E+01  0.2509E+01
   4.540  0.1390E+01  0.2523E+01
   4.550  0.1442E+01  0.2537E+01
   4.560  0.1492E+01  0.2551E+01
   4.570  0.1534E+01  0.2566E+01
   4.580  0.1569E+01  0.2582E+01
   4.590  0.1597E+01  0.2598E+01
   4.600  0.1620E+01  0.2614E+01
   4.610  0.1643E+01  0.2630E+01
   4.620  0.1668E+01  0.2647E+01
   4.630  0.1692E+01  0.2664E+01
   4.640  0.1714E+01  0.2681E+01
   4.650  0.1734E+01  0.2698E+01
   4.660  0.1755E+01  0.2715E+01
   4.670  0.1776E+01  0.2733E+01
   4.680  0.1798E+01  0.2751E+01
   4.690  0.1821E+01  0.2769E+01
   4.700  0.1845E+01  0.2787E+01
   4.710  0.1906E+01  0.2806E+01
   4.720  0.2057E+01  0.2826E+01
   4.730  0.2176E+01  0.2847E+01
   4.740  0.2379E+01  0.2870E+01
   4.750  0.2895E+01  0.2896E+01
   4.760  0.3297E+01  0.2927E+01
   4.770  0.3558E+01  0.2961E+01
   4.780  0.3802E+01  0.2998E+01
   4.790  0.3985E+01  0.3037E+01
   4.800  0.3307E+01  0.3073E+01
   4.810  0.2933E+01  0.3104E+01
   4.820  0.2683E+01  0.3132E+01
   4.830  0.2588E+01  0.3159E+01
   4.840  0.2509E+01  0.3184E+01
   4.850  0.2419E+01  0.3209E+01
   4.860  0.2334E+01  0.3232E+01
   4.870  0.2258E+01  0.3255E+01
   4.880  0.2183E+01  0.3278E+01
   4.890  0.2111E+01  0.3299E+01
   4.900  0.2040E+01  0.3320E+01
   4.910  0.1972E+01  0.3340E+01
   4.920  0.1906E+01  0.3359E+01
   4.930  0.1840E+01  0.3378E+01
   4.940  0.1783E+01  0.3396E+01
   4.950  0.1651E+01  0.3414E+01
   4.960  0.1569E+01  0.3430E+01
   4.970  0.1493E+01  0.3445E+01
   4.980  0.1425E+01  0.3460E+01
   4.990  0.1363E+01  0.3474E+01
   5.000  0.1308E+01  0.3487E+01
   5.010  0.1260E+01  0.3500E+01
   5.020  0.1220E+01  0.3512E+01
   5.030  0.1183E+01  0.3524E+01
   5.040  0.1146E+01  0.3536E+01
   5.050  0.1111E+01  0.3547E+01
   5.060  0.1077E+01  0.3558E+01
   5.070  0.1044E+01  0.3569E+01
   5.080  0.1013E+01  0.3579E+01
   5.090  0.9817E+00  0.3589E+01
   5.100  0.9513E+00  0.3599E+01
   5.110  0.9214E+00  0.3608E+01
   5.120  0.8921E+00  0.3617E+01
   5.130  0.8634E+00  0.3626E+01
   5.140  0.8711E+00  0.3634E+01
   5.150  0.8864E+00  0.3643E+01
   5.160  0.8809E+00  0.3652E+01
   5.170  0.8545E+00  0.3661E+01
   5.180  0.8073E+00  0.3669E+01
   5.190  0.7391E+00  0.3677E+01
   5.200  0.6501E+00  0.3684E+01
   5.210  0.5403E+00  0.3690E+01
   5.220  0.4500E+00  0.3695E+01
   5.230  0.4325E+00  0.3699E+01
   5.240  0.4221E+00  0.3703E+01
   5.250  0.4119E+00  0.3707E+01
   5.260  0.4018E+00  0.3712E+01
   5.270  0.3918E+00  0.3716E+01
   5.280  0.3820E+00  0.3719E+01
   5.290  0.3725E+00  0.3723E+01
   5.300  0.3632E+00  0.3727E+01
   5.310  0.3541E+00  0.3730E+01
   5.320  0.3452E+00  0.3734E+01
   5.330  0.3366E+00  0.3737E+01
   5.340  0.3281E+00  0.3741E+01
   5.350  0.3199E+00  0.3744E+01
   5.360  0.3120E+00  0.3747E+01
   5.370  0.3042E+00  0.3750E+01
   5.380  0.2967E+00  0.3753E+01
   5.390  0.2896E+00  0.3756E+01
   5.400  0.2837E+00  0.3759E+01
   5.410  0.2782E+00  0.3762E+01
   5.420  0.2729E+00  0.3765E+01
   5.430  0.2676E+00  0.3767E+01
   5.440  0.2626E+00  0.3770E+01
   5.450  0.2577E+00  0.3772E+01
   5.460  0.2529E+00  0.3775E+01
   5.470  0.2484E+00  0.3778E+01
   5.480  0.2439E+00  0.3780E+01
   5.490  0.2405E+00  0.3782E+01
   5.500  0.2390E+00  0.3785E+01
   5.510  0.2394E+00  0.3787E+01
   5.520  0.2417E+00  0.3790E+01
   5.530  0.2460E+00  0.3792E+01
   5.540  0.2522E+00  0.3795E+01
   5.550  0.2604E+00  0.3797E+01
   5.560  0.2704E+00  0.3800E+01
   5.570  0.2824E+00  0.3802E+01
   5.580  0.2964E+00  0.3805E+01
   5.590  0.3259E+00  0.3808E+01
   5.600  0.3667E+00  0.3812E+01
   5.610  0.4161E+00  0.3816E+01
   5.620  0.4726E+00  0.3820E+01
   5.630  0.5342E+00  0.3825E+01
   5.640  0.6008E+00  0.3831E+01
   5.650  0.6721E+00  0.3837E+01
   5.660  0.7425E+00  0.3844E+01
   5.670  0.8100E+00  0.3852E+01
   5.680  0.8745E+00  0.3861E+01
   5.690  0.9376E+00  0.3870E+01
   5.700  0.9989E+00  0.3879E+01
   5.710  0.1053E+01  0.3890E+01
   5.720  0.1102E+01  0.3900E+01
   5.730  0.1143E+01  0.3912E+01
   5.740  0.1179E+01  0.3923E+01
   5.750  0.1208E+01  0.3935E+01
   5.760  0.1230E+01  0.3947E+01
   5.770  0.1246E+01  0.3960E+01
   5.780  0.1230E+01  0.3972E+01
   5.790  0.1209E+01  0.3984E+01
   5.800  0.1200E+01  0.3996E+01
   5.810  0.1202E+01  0.4008E+01
   5.820  0.1212E+01  0.4020E+01
   5.830  0.1224E+01  0.4033E+01
   5.840  0.1236E+01  0.4045E+01
   5.850  0.1249E+01  0.4057E+01
   5.860  0.1262E+01  0.4070E+01
   5.870  0.1276E+01  0.4083E+01
   5.880  0.1290E+01  0.4095E+01
   5.890  0.1305E+01  0.4108E+01
   5.900  0.1320E+01  0.4122E+01
   5.910  0.1336E+01  0.4135E+01
   5.920  0.1324E+01  0.4148E+01
   5.930  0.1338E+01  0.4161E+01
   5.940  0.1353E+01  0.4175E+01
   5.950  0.1370E+01  0.4188E+01
   5.960  0.1388E+01  0.4202E+01
   5.970  0.1407E+01  0.4216E+01
   5.980  0.1429E+01  0.4230E+01
   5.990  0.1451E+01  0.4245E+01
   6.000  0.1476E+01  0.4259E+01
   6.010  0.1495E+01  0.4274E+01
   6.020  0.1532E+01  0.4289E+01
   6.030  0.1591E+01  0.4305E+01
   6.040  0.1484E+01  0.4320E+01
   6.050  0.1492E+01  0.4335E+01
   6.060  0.1500E+01  0.4350E+01
   6.070  0.1507E+01  0.4365E+01
   6.080  0.1514E+01  0.4380E+01
   6.090  0.1521E+01  0.4396E+01
   6.100  0.1527E+01  0.4411E+01
   6.110  0.1534E+01  0.4426E+01
   6.120  0.1541E+01  0.4442E+01
   6.130  0.1550E+01  0.4457E+01
   6.140  0.1559E+01  0.4473E+01
   6.150  0.1570E+01  0.4488E+01
   6.160  0.1585E+01  0.4504E+01
   6.170  0.1605E+01  0.4520E+01
   6.180  0.1628E+01  0.4536E+01
   6.190  0.1654E+01  0.4552E+01
   6.200  0.1682E+01  0.4569E+01
   6.210  0.1706E+01  0.4586E+01
   6.220  0.1725E+01  0.4603E+01
   6.230  0.1744E+01  0.4621E+01
   6.240  0.1762E+01  0.4638E+01
   6.250  0.1779E+01  0.4656E+01
   6.260  0.1795E+01  0.4674E+01
   6.270  0.1811E+01  0.4692E+01
   6.280  0.1829E+01  0.4710E+01
   6.290  0.1849E+01  0.4728E+01
   6.300  0.1871E+01  0.4747E+01
   6.310  0.1893E+01  0.4766E+01
   6.320  0.1919E+01  0.4785E+01
   6.330  0.1982E+01  0.4804E+01
   6.340  0.2017E+01  0.4824E+01
   6.350  0.2020E+01  0.4844E+01
   6.360  0.3459E+01  0.4869E+01
   6.370  0.2308E+01  0.4896E+01
   6.380  0.2269E+01  0.4919E+01
   6.390  0.2260E+01  0.4942E+01
   6.400  0.2295E+01  0.4964E+01
   6.410  0.2378E+01  0.4988E+01
   6.420  0.2504E+01  0.5012E+01
   6.430  0.3162E+01  0.5040E+01
   6.440  0.3383E+01  0.5073E+01
   6.450  0.3684E+01  0.5109E+01
   6.460  0.3929E+01  0.5147E+01
   6.470  0.4300E+01  0.5188E+01
   6.480  0.4859E+01  0.5234E+01
   6.490  0.6359E+01  0.5289E+01
   6.500  0.6491E+01  0.5355E+01
   6.510  0.6369E+01  0.5419E+01
   6.520  0.6186E+01  0.5482E+01
   6.530  0.5943E+01  0.5542E+01
   6.540  0.5633E+01  0.5600E+01
   6.550  0.5184E+01  0.5654E+01
   6.560  0.4746E+01  0.5704E+01
   6.570  0.4380E+01  0.5750E+01
   6.580  0.4088E+01  0.5792E+01
   6.590  0.3851E+01  0.5832E+01
   6.600  0.3686E+01  0.5869E+01
   6.610  0.3570E+01  0.5905E+01
   6.620  0.3477E+01  0.5941E+01
   6.630  0.3394E+01  0.5975E+01
   6.640  0.3320E+01  0.6009E+01
   6.650  0.3283E+01  0.6042E+01
   6.660  0.3207E+01  0.6074E+01
   6.670  0.3115E+01  0.6106E+01
   6.680  0.3059E+01  0.6136E+01
   6.690  0.3007E+01  0.6167E+01
   6.700  0.2957E+01  0.6197E+01
   6.710  0.2908E+01  0.6226E+01
   6.720  0.2860E+01  0.6255E+01
   6.730  0.2814E+01  0.6283E+01
   6.740  0.2769E+01  0.6311E+01
   6.750  0.2724E+01  0.6338E+01
   6.760  0.2680E+01  0.6365E+01
   6.770  0.2640E+01  0.6392E+01
   6.780  0.2598E+01  0.6418E+01
   6.790  0.2553E+01  0.6444E+01
   6.800  0.2509E+01  0.6469E+01
   6.810  0.2466E+01  0.6494E+01
   6.820  0.2424E+01  0.6519E+01
   6.830  0.2384E+01  0.6543E+01
   6.840  0.2348E+01  0.6566E+01
   6.850  0.2313E+01  0.6590E+01
   6.860  0.2280E+01  0.6613E+01
   6.870  0.2250E+01  0.6635E+01
   6.880  0.2223E+01  0.6658E+01
   6.890  0.2199E+01  0.6680E+01
   6.900  0.2176E+01  0.6702E+01
   6.910  0.2153E+01  0.6723E+01
   6.920  0.2132E+01  0.6745E+01
   6.930  0.2111E+01  0.6766E+01
   6.940  0.2092E+01  0.6787E+01
   6.950  0.2072E+01  0.6808E+01
   6.960  0.2053E+01  0.6828E+01
   6.970  0.2034E+01  0.6849E+01
   6.980  0.2013E+01  0.6869E+01
   6.990  0.1992E+01  0.6889E+01
   7.000  0.1970E+01  0.6909E+01
   7.010  0.1948E+01  0.6928E+01
   7.020  0.1929E+01  0.6948E+01
   7.030  0.1916E+01  0.6967E+01
   7.040  0.1903E+01  0.6986E+01
   7.050  0.1892E+01  0.7005E+01
   7.060  0.1888E+01  0.7024E+01
   7.070  0.1892E+01  0.7043E+01
   7.080  0.1886E+01  0.7062E+01
   7.090  0.1871E+01  0.7081E+01
   7.100  0.1844E+01  0.7099E+01
   7.110  0.1808E+01  0.7117E+01
   7.120  0.1776E+01  0.7135E+01
   7.130  0.1752E+01  0.7153E+01
   7.140  0.1727E+01  0.7170E+01
   7.150  0.1703E+01  0.7188E+01
   7.160  0.1678E+01  0.7204E+01
   7.170  0.1653E+01  0.7221E+01
   7.180  0.1629E+01  0.7238E+01
   7.190  0.1695E+01  0.7254E+01
   7.200  0.1615E+01  0.7271E+01
   7.210  0.1591E+01  0.7287E+01
   7.220  0.1568E+01  0.7302E+01
   7.230  0.1545E+01  0.7318E+01
   7.240  0.1522E+01  0.7333E+01
   7.250  0.1499E+01  0.7349E+01
   7.260  0.1475E+01  0.7363E+01
   7.270  0.1452E+01  0.7378E+01
   7.280  0.1428E+01  0.7392E+01
   7.290  0.1403E+01  0.7407E+01
   7.300  0.1379E+01  0.7420E+01
   7.310  0.1368E+01  0.7434E+01
   7.320  0.1346E+01  0.7448E+01
   7.330  0.1325E+01  0.7461E+01
   7.340  0.1324E+01  0.7474E+01
   7.350  0.1325E+01  0.7488E+01
   7.360  0.1299E+01  0.7501E+01
   7.370  0.1259E+01  0.7514E+01
   7.380  0.1234E+01  0.7526E+01
   7.390  0.1209E+01  0.7538E+01
   7.400  0.1176E+01  0.7550E+01
   7.410  0.1144E+01  0.7562E+01
   7.420  0.1113E+01  0.7573E+01
   7.430  0.1080E+01  0.7584E+01
   7.440  0.1043E+01  0.7595E+01
   7.450  0.1009E+01  0.7605E+01
   7.460  0.9779E+00  0.7615E+01
   7.470  0.9472E+00  0.7624E+01
   7.480  0.9175E+00  0.7634E+01
   7.490  0.8888E+00  0.7643E+01
   7.500  0.8609E+00  0.7652E+01
   7.510  0.8343E+00  0.7660E+01
   7.520  0.8119E+00  0.7668E+01
   7.530  0.7934E+00  0.7676E+01
   7.540  0.7735E+00  0.7684E+01
   7.550  0.7418E+00  0.7692E+01
   7.560  0.7102E+00  0.7699E+01
   7.570  0.6832E+00  0.7706E+01
   7.580  0.6608E+00  0.7713E+01
   7.590  0.6499E+00  0.7719E+01
   7.600  0.6423E+00  0.7726E+01
   7.610  0.6356E+00  0.7732E+01
   7.620  0.6269E+00  0.7738E+01
   7.630  0.6160E+00  0.7745E+01
   7.640  0.6029E+00  0.7751E+01
   7.650  0.5884E+00  0.7757E+01
   7.660  0.5743E+00  0.7762E+01
   7.670  0.5608E+00  0.7768E+01
   7.680  0.5479E+00  0.7774E+01
   7.690  0.5355E+00  0.7779E+01
   7.700  0.5238E+00  0.7784E+01
   7.710  0.5126E+00  0.7790E+01
   7.720  0.5036E+00  0.7795E+01
   7.730  0.4971E+00  0.7800E+01
   7.740  0.4908E+00  0.7805E+01
   7.750  0.4847E+00  0.7809E+01
   7.760  0.4789E+00  0.7814E+01
   7.770  0.4734E+00  0.7819E+01
   7.780  0.4681E+00  0.7824E+01
   7.790  0.5362E+00  0.7829E+01
   7.800  0.5094E+00  0.7834E+01
   7.810  0.4681E+00  0.7839E+01
   7.820  0.4281E+00  0.7843E+01
   7.830  0.3940E+00  0.7848E+01
   7.840  0.3871E+00  0.7851E+01
   7.850  0.3804E+00  0.7855E+01
   7.860  0.3737E+00  0.7859E+01
   7.870  0.3671E+00  0.7863E+01
   7.880  0.3607E+00  0.7866E+01
   7.890  0.3544E+00  0.7870E+01
   7.900  0.3481E+00  0.7873E+01
   7.910  0.3420E+00  0.7877E+01
   7.920  0.3360E+00  0.7880E+01
   7.930  0.3302E+00  0.7884E+01
   7.940  0.3244E+00  0.7887E+01
   7.950  0.3188E+00  0.7890E+01
   7.960  0.3132E+00  0.7893E+01
   7.970  0.3249E+00  0.7896E+01
   7.980  0.3361E+00  0.7900E+01
   7.990  0.3401E+00  0.7903E+01
   8.000  0.3369E+00  0.7907E+01
   8.010  0.3265E+00  0.7910E+01
   8.020  0.3089E+00  0.7913E+01
   8.030  0.2889E+00  0.7916E+01
   8.040  0.2760E+00  0.7919E+01
   8.050  0.2640E+00  0.7922E+01
   8.060  0.2528E+00  0.7924E+01
   8.070  0.2426E+00  0.7927E+01
   8.080  0.2332E+00  0.7929E+01
   8.090  0.2247E+00  0.7931E+01
   8.100  0.2170E+00  0.7934E+01
   8.110  0.2102E+00  0.7936E+01
   8.120  0.2043E+00  0.7938E+01
   8.130  0.1993E+00  0.7940E+01
   8.140  0.2114E+00  0.7942E+01
   8.150  0.2068E+00  0.7944E+01
   8.160  0.2022E+00  0.7946E+01
   8.170  0.1975E+00  0.7948E+01
   8.180  0.1929E+00  0.7950E+01
   8.190  0.1882E+00  0.7952E+01
   8.200  0.1835E+00  0.7954E+01
   8.210  0.1789E+00  0.7955E+01
   8.220  0.1747E+00  0.7957E+01
   8.230  0.1706E+00  0.7959E+01
   8.240  0.1664E+00  0.7961E+01
   8.250  0.1622E+00  0.7962E+01
   8.260  0.1581E+00  0.7964E+01
   8.270  0.1539E+00  0.7965E+01
   8.280  0.1497E+00  0.7967E+01
   8.290  0.1456E+00  0.7968E+01
   8.300  0.1415E+00  0.7970E+01
   8.310  0.1376E+00  0.7971E+01
   8.320  0.1337E+00  0.7973E+01
   8.330  0.1299E+00  0.7974E+01
   8.340  0.1262E+00  0.7975E+01
   8.350  0.1225E+00  0.7976E+01
   8.360  0.1188E+00  0.7978E+01
   8.370  0.1153E+00  0.7979E+01
   8.380  0.1118E+00  0.7980E+01
   8.390  0.1083E+00  0.7981E+01
   8.400  0.1049E+00  0.7982E+01
   8.410  0.1016E+00  0.7983E+01
   8.420  0.9834E-01  0.7984E+01
   8.430  0.9513E-01  0.7985E+01
   8.440  0.9198E-01  0.7986E+01
   8.450  0.8888E-01  0.7987E+01
   8.460  0.8585E-01  0.7988E+01
   8.470  0.8288E-01  0.7989E+01
   8.480  0.8939E-01  0.7990E+01
   8.490  0.9747E-01  0.7991E+01
   8.500  0.1021E+00  0.7992E+01
   8.510  0.1032E+00  0.7993E+01
   8.520  0.1009E+00  0.7994E+01
   8.530  0.9513E-01  0.7995E+01
   8.540  0.8588E-01  0.7995E+01
   8.550  0.7317E-01  0.7996E+01
   8.560  0.5699E-01  0.7997E+01
   8.570  0.3735E-01  0.7997E+01
   8.580  0.2465E-01  0.7998E+01
   8.590  0.2295E-01  0.7998E+01
   8.600  0.2131E-01  0.7998E+01
   8.610  0.1973E-01  0.7998E+01
   8.620  0.1821E-01  0.7999E+01
   8.630  0.1675E-01  0.7999E+01
   8.640  0.1536E-01  0.7999E+01
   8.650  0.1402E-01  0.7999E+01
   8.660  0.1274E-01  0.7999E+01
   8.670  0.1153E-01  0.7999E+01
   8.680  0.1037E-01  0.7999E+01
   8.690  0.9281E-02  0.7999E+01
   8.700  0.8248E-02  0.8000E+01
   8.710  0.7277E-02  0.8000E+01
   8.720  0.6366E-02  0.8000E+01
   8.730  0.5517E-02  0.8000E+01
   8.740  0.4728E-02  0.8000E+01
   8.750  0.4000E-02  0.8000E+01
   8.760  0.3332E-02  0.8000E+01
   8.770  0.2726E-02  0.8000E+01
   8.780  0.2180E-02  0.8000E+01
   8.790  0.1696E-02  0.8000E+01
   8.800  0.1272E-02  0.8000E+01
   8.810  0.9089E-03  0.8000E+01
   8.820  0.6068E-03  0.8000E+01
   8.830  0.3655E-03  0.8000E+01
   8.840  0.1850E-03  0.8000E+01
   8.850  0.6537E-04  0.8000E+01
   8.860  0.6603E-05  0.8000E+01
   8.870  0.0000E+00  0.8000E+01
   8.880  0.0000E+00  0.8000E+01
   8.890  0.0000E+00  0.8000E+01
   8.900  0.0000E+00  0.8000E+01
   8.910  0.0000E+00  0.8000E+01
   8.920  0.0000E+00  0.8000E+01
   8.930  0.1006E-05  0.8000E+01
   8.940  0.1591E-03  0.8000E+01
   8.950  0.5869E-03  0.8000E+01
   8.960  0.1284E-02  0.8000E+01
   8.970  0.2251E-02  0.8000E+01
   8.980  0.3488E-02  0.8000E+01
   8.990  0.4994E-02  0.8000E+01
   9.000  0.6778E-02  0.8000E+01
   9.010  0.8930E-02  0.8000E+01
   9.020  0.1148E-01  0.8000E+01
   9.030  0.1441E-01  0.8000E+01
   9.040  0.1775E-01  0.8001E+01
   9.050  0.2147E-01  0.8001E+01
   9.060  0.2559E-01  0.8001E+01
   9.070  0.3010E-01  0.8001E+01
   9.080  0.3500E-01  0.8002E+01
   9.090  0.4030E-01  0.8002E+01
   9.100  0.4599E-01  0.8002E+01
   9.110  0.5207E-01  0.8003E+01
   9.120  0.5855E-01  0.8004E+01
   9.130  0.6542E-01  0.8004E+01
   9.140  0.7268E-01  0.8005E+01
   9.150  0.8034E-01  0.8006E+01
   9.160  0.8839E-01  0.8006E+01
   9.170  0.9683E-01  0.8007E+01
   9.180  0.1057E+00  0.8008E+01
   9.190  0.1151E+00  0.8009E+01
   9.200  0.1258E+00  0.8011E+01
   9.210  0.1378E+00  0.8012E+01
   9.220  0.1469E+00  0.8013E+01
   9.230  0.1563E+00  0.8015E+01
   9.240  0.1662E+00  0.8017E+01
   9.250  0.1765E+00  0.8018E+01
   9.260  0.1871E+00  0.8020E+01
   9.270  0.1982E+00  0.8022E+01
   9.280  0.2096E+00  0.8024E+01
   9.290  0.2214E+00  0.8026E+01
   9.300  0.2336E+00  0.8028E+01
   9.310  0.2463E+00  0.8031E+01
   9.320  0.2558E+00  0.8033E+01
   9.330  0.2632E+00  0.8036E+01
   9.340  0.2703E+00  0.8039E+01
   9.350  0.2773E+00  0.8041E+01
   9.360  0.2840E+00  0.8044E+01
   9.370  0.2905E+00  0.8047E+01
   9.380  0.2968E+00  0.8050E+01
   9.390  0.3029E+00  0.8053E+01
   9.400  0.3088E+00  0.8056E+01
   9.410  0.3144E+00  0.8059E+01
   9.420  0.3199E+00  0.8062E+01
   9.430  0.3256E+00  0.8066E+01
   9.440  0.3318E+00  0.8069E+01
   9.450  0.3390E+00  0.8072E+01
   9.460  0.3489E+00  0.8076E+01
   9.470  0.3620E+00  0.8079E+01
   9.480  0.3796E+00  0.8083E+01
   9.490  0.3999E+00  0.8087E+01
   9.500  0.4229E+00  0.8091E+01
   9.510  0.4387E+00  0.8095E+01
   9.520  0.4478E+00  0.8100E+01
   9.530  0.4564E+00  0.8104E+01
   9.540  0.4644E+00  0.8109E+01
   9.550  0.4719E+00  0.8113E+01
   9.560  0.4789E+00  0.8118E+01
   9.570  0.4853E+00  0.8123E+01
   9.580  0.4912E+00  0.8128E+01
   9.590  0.4965E+00  0.8133E+01
   9.600  0.5055E+00  0.8138E+01
   9.610  0.5167E+00  0.8143E+01
   9.620  0.5280E+00  0.8148E+01
   9.630  0.5395E+00  0.8154E+01
   9.640  0.5511E+00  0.8159E+01
   9.650  0.5629E+00  0.8165E+01
   9.660  0.5748E+00  0.8170E+01
   9.670  0.5869E+00  0.8176E+01
   9.680  0.5990E+00  0.8182E+01
   9.690  0.6114E+00  0.8188E+01
   9.700  0.6238E+00  0.8194E+01
   9.710  0.6381E+00  0.8201E+01
   9.720  0.6671E+00  0.8207E+01
   9.730  0.7133E+00  0.8214E+01
   9.740  0.7622E+00  0.8221E+01
   9.750  0.7742E+00  0.8229E+01
   9.760  0.7821E+00  0.8237E+01
   9.770  0.7858E+00  0.8245E+01
   9.780  0.7854E+00  0.8253E+01
   9.790  0.7977E+00  0.8260E+01
   9.800  0.8160E+00  0.8268E+01
   9.810  0.8346E+00  0.8277E+01
   9.820  0.8534E+00  0.8285E+01
   9.830  0.8724E+00  0.8294E+01
   9.840  0.8915E+00  0.8303E+01
   9.850  0.9108E+00  0.8312E+01
   9.860  0.9302E+00  0.8321E+01
   9.870  0.9499E+00  0.8330E+01
   9.880  0.9698E+00  0.8340E+01
   9.890  0.9898E+00  0.8350E+01
   9.900  0.1010E+01  0.8360E+01
   9.910  0.1047E+01  0.8370E+01
   9.920  0.1099E+01  0.8381E+01
   9.930  0.1163E+01  0.8392E+01
   9.940  0.1238E+01  0.8404E+01
   9.950  0.1314E+01  0.8417E+01
   9.960  0.1367E+01  0.8430E+01
   9.970  0.1402E+01  0.8444E+01
   9.980  0.1419E+01  0.8458E+01
   9.990  0.1452E+01  0.8472E+01
  10.000  0.1485E+01  0.8487E+01
  10.010  0.1516E+01  0.8502E+01
  10.020  0.1547E+01  0.8517E+01
  10.030  0.1577E+01  0.8533E+01
  10.040  0.1606E+01  0.8549E+01
  10.050  0.1634E+01  0.8565E+01
  10.060  0.1691E+01  0.8582E+01
  10.070  0.1564E+01  0.8598E+01
  10.080  0.1584E+01  0.8614E+01
  10.090  0.1603E+01  0.8630E+01
  10.100  0.1623E+01  0.8646E+01
  10.110  0.1644E+01  0.8662E+01
  10.120  0.1678E+01  0.8679E+01
  10.130  0.1726E+01  0.8696E+01
  10.140  0.1769E+01  0.8713E+01
  10.150  0.1798E+01  0.8731E+01
  10.160  0.1818E+01  0.8749E+01
  10.170  0.1842E+01  0.8767E+01
  10.180  0.1866E+01  0.8786E+01
  10.190  0.1888E+01  0.8805E+01
  10.200  0.1909E+01  0.8824E+01
  10.210  0.1880E+01  0.8843E+01
  10.220  0.1909E+01  0.8862E+01
  10.230  0.1941E+01  0.8881E+01
  10.240  0.1977E+01  0.8900E+01
  10.250  0.2016E+01  0.8920E+01
  10.260  0.2057E+01  0.8941E+01
  10.270  0.2102E+01  0.8962E+01
  10.280  0.2166E+01  0.8983E+01
  10.290  0.2262E+01  0.9005E+01
  10.300  0.2332E+01  0.9028E+01
  10.310  0.2370E+01  0.9052E+01
  10.320  0.2376E+01  0.9075E+01
  10.330  0.2395E+01  0.9099E+01
  10.340  0.2442E+01  0.9123E+01
  10.350  0.2518E+01  0.9148E+01
  10.360  0.2620E+01  0.9174E+01
  10.370  0.2668E+01  0.9200E+01
  10.380  0.2712E+01  0.9227E+01
  10.390  0.2754E+01  0.9254E+01
  10.400  0.2795E+01  0.9282E+01
  10.410  0.2830E+01  0.9310E+01
  10.420  0.2855E+01  0.9339E+01
  10.430  0.2917E+01  0.9367E+01
  10.440  0.2979E+01  0.9397E+01
  10.450  0.3041E+01  0.9427E+01
  10.460  0.3103E+01  0.9458E+01
  10.470  0.3162E+01  0.9489E+01
  10.480  0.3232E+01  0.9521E+01
  10.490  0.3329E+01  0.9554E+01
  10.500  0.3451E+01  0.9588E+01
  10.510  0.3597E+01  0.9623E+01
  10.520  0.3751E+01  0.9660E+01
  10.530  0.3913E+01  0.9698E+01
  10.540  0.4008E+01  0.9738E+01
  10.550  0.4097E+01  0.9778E+01
  10.560  0.4155E+01  0.9820E+01
  10.570  0.4199E+01  0.9861E+01
  10.580  0.4228E+01  0.9903E+01
  10.590  0.4244E+01  0.9946E+01
  10.600  0.4392E+01  0.9989E+01
  10.610  0.4380E+01  0.1003E+02
  10.620  0.4333E+01  0.1008E+02
  10.630  0.4210E+01  0.1012E+02
  10.640  0.4108E+01  0.1016E+02
  10.650  0.4039E+01  0.1020E+02
  10.660  0.4014E+01  0.1024E+02
  10.670  0.4017E+01  0.1028E+02
  10.680  0.3962E+01  0.1032E+02
  10.690  0.3817E+01  0.1036E+02
  10.700  0.3662E+01  0.1040E+02
  10.710  0.3646E+01  0.1043E+02
  10.720  0.3580E+01  0.1047E+02
  10.730  0.3636E+01  0.1051E+02
  10.740  0.3746E+01  0.1054E+02
  10.750  0.3943E+01  0.1058E+02
  10.760  0.4258E+01  0.1062E+02
  10.770  0.4749E+01  0.1067E+02
  10.780  0.5722E+01  0.1072E+02
  10.790  0.6619E+01  0.1078E+02
  10.800  0.6880E+01  0.1085E+02
  10.810  0.7720E+01  0.1092E+02
  10.820  0.9074E+01  0.1101E+02
  10.830  0.1017E+02  0.1110E+02
  10.840  0.1125E+02  0.1121E+02
  10.850  0.1197E+02  0.1133E+02
  10.860  0.1147E+02  0.1144E+02
  10.870  0.9828E+01  0.1155E+02
  10.880  0.8644E+01  0.1164E+02
  10.890  0.7866E+01  0.1173E+02
  10.900  0.7250E+01  0.1180E+02
  10.910  0.6722E+01  0.1187E+02
  10.920  0.6354E+01  0.1194E+02
  10.930  0.6103E+01  0.1200E+02
  10.940  0.5843E+01  0.1206E+02
  10.950  0.5523E+01  0.1211E+02
  10.960  0.5297E+01  0.1217E+02
  10.970  0.4771E+01  0.1222E+02
  10.980  0.4457E+01  0.1226E+02
  10.990  0.4271E+01  0.1231E+02
  11.000  0.4065E+01  0.1235E+02
  11.010  0.3781E+01  0.1239E+02
  11.020  0.3464E+01  0.1243E+02
  11.030  0.3154E+01  0.1246E+02
  11.040  0.2742E+01  0.1249E+02
  11.050  0.2377E+01  0.1251E+02
  11.060  0.2335E+01  0.1254E+02
  11.070  0.2492E+01  0.1256E+02
  11.080  0.2751E+01  0.1259E+02
  11.090  0.3033E+01  0.1262E+02
  11.100  0.3358E+01  0.1265E+02
  11.110  0.3723E+01  0.1268E+02
  11.120  0.4221E+01  0.1272E+02
  11.130  0.5460E+01  0.1277E+02
  11.140  0.8705E+01  0.1284E+02
  11.150  0.1564E+02  0.1296E+02
  11.160  0.2740E+02  0.1316E+02
  11.170  0.4612E+02  0.1353E+02
  11.180  0.3057E+02  0.1395E+02
  11.190  0.7621E+01  0.1412E+02
  11.200  0.4288E+01  0.1417E+02
  11.210  0.3272E+01  0.1421E+02
  11.220  0.2707E+01  0.1424E+02
  11.230  0.2309E+01  0.1427E+02
  11.240  0.2192E+01  0.1429E+02
  11.250  0.2330E+01  0.1431E+02
  11.260  0.1983E+01  0.1433E+02
  11.270  0.2082E+01  0.1435E+02
  11.280  0.2158E+01  0.1437E+02
  11.290  0.2223E+01  0.1439E+02
  11.300  0.2281E+01  0.1442E+02
  11.310  0.2343E+01  0.1444E+02
  11.320  0.2405E+01  0.1446E+02
  11.330  0.2473E+01  0.1449E+02
  11.340  0.2528E+01  0.1451E+02
  11.350  0.2549E+01  0.1454E+02
  11.360  0.2537E+01  0.1456E+02
  11.370  0.2520E+01  0.1459E+02
  11.380  0.2551E+01  0.1461E+02
  11.390  0.2590E+01  0.1464E+02
  11.400  0.2637E+01  0.1467E+02
  11.410  0.2724E+01  0.1469E+02
  11.420  0.2957E+01  0.1472E+02
  11.430  0.3041E+01  0.1475E+02
  11.440  0.2975E+01  0.1478E+02
  11.450  0.2849E+01  0.1481E+02
  11.460  0.2830E+01  0.1484E+02
  11.470  0.2843E+01  0.1487E+02
  11.480  0.2858E+01  0.1490E+02
  11.490  0.2874E+01  0.1493E+02
  11.500  0.2890E+01  0.1495E+02
  11.510  0.2897E+01  0.1498E+02
  11.520  0.2888E+01  0.1501E+02
  11.530  0.2861E+01  0.1504E+02
  11.540  0.2822E+01  0.1507E+02
  11.550  0.2781E+01  0.1510E+02
  11.560  0.2736E+01  0.1512E+02
  11.570  0.2689E+01  0.1515E+02
  11.580  0.2637E+01  0.1518E+02
  11.590  0.2574E+01  0.1520E+02
  11.600  0.2483E+01  0.1523E+02
  11.610  0.2402E+01  0.1525E+02
  11.620  0.2329E+01  0.1528E+02
  11.630  0.2284E+01  0.1530E+02
  11.640  0.2286E+01  0.1532E+02
  11.650  0.2309E+01  0.1535E+02
  11.660  0.2225E+01  0.1537E+02
  11.670  0.2158E+01  0.1539E+02
  11.680  0.2119E+01  0.1541E+02
  11.690  0.2082E+01  0.1543E+02
  11.700  0.2048E+01  0.1545E+02
  11.710  0.2034E+01  0.1547E+02
  11.720  0.2021E+01  0.1549E+02
  11.730  0.2010E+01  0.1552E+02
  11.740  0.2000E+01  0.1554E+02
  11.750  0.1991E+01  0.1556E+02
  11.760  0.1985E+01  0.1557E+02
  11.770  0.1979E+01  0.1559E+02
  11.780  0.1976E+01  0.1561E+02
  11.790  0.1971E+01  0.1563E+02
  11.800  0.1966E+01  0.1565E+02
  11.810  0.1961E+01  0.1567E+02
  11.820  0.1956E+01  0.1569E+02
  11.830  0.1952E+01  0.1571E+02
  11.840  0.1948E+01  0.1573E+02
  11.850  0.1941E+01  0.1575E+02
  11.860  0.1935E+01  0.1577E+02
  11.870  0.1929E+01  0.1579E+02
  11.880  0.1924E+01  0.1581E+02
  11.890  0.1919E+01  0.1583E+02
  11.900  0.1914E+01  0.1585E+02
  11.910  0.1909E+01  0.1587E+02
  11.920  0.1904E+01  0.1589E+02
  11.930  0.1900E+01  0.1591E+02
  11.940  0.1894E+01  0.1592E+02
  11.950  0.1890E+01  0.1594E+02
  11.960  0.1885E+01  0.1596E+02
  11.970  0.1882E+01  0.1598E+02
  11.980  0.1878E+01  0.1600E+02
  11.990  0.1874E+01  0.1602E+02
  12.000  0.1871E+01  0.1604E+02
  12.010  0.1868E+01  0.1606E+02
  12.020  0.1877E+01  0.1607E+02
  12.030  0.1931E+01  0.1609E+02
  12.040  0.2022E+01  0.1611E+02
  12.050  0.2121E+01  0.1613E+02
  12.060  0.2220E+01  0.1616E+02
  12.070  0.2115E+01  0.1618E+02
  12.080  0.1960E+01  0.1620E+02
  12.090  0.1945E+01  0.1622E+02
  12.100  0.1925E+01  0.1624E+02
  12.110  0.1905E+01  0.1626E+02
  12.120  0.1886E+01  0.1627E+02
  12.130  0.1885E+01  0.1629E+02
  12.140  0.1916E+01  0.1631E+02
  12.150  0.1849E+01  0.1633E+02
  12.160  0.1825E+01  0.1635E+02
  12.170  0.1811E+01  0.1637E+02
  12.180  0.1801E+01  0.1639E+02
  12.190  0.1792E+01  0.1640E+02
  12.200  0.1784E+01  0.1642E+02
  12.210  0.1776E+01  0.1644E+02
  12.220  0.1768E+01  0.1646E+02
  12.230  0.1760E+01  0.1648E+02
  12.240  0.1752E+01  0.1649E+02
  12.250  0.1744E+01  0.1651E+02
  12.260  0.1735E+01  0.1653E+02
  12.270  0.1727E+01  0.1655E+02
  12.280  0.1720E+01  0.1656E+02
  12.290  0.1713E+01  0.1658E+02
  12.300  0.1705E+01  0.1660E+02
  12.310  0.1698E+01  0.1661E+02
  12.320  0.1692E+01  0.1663E+02
  12.330  0.1685E+01  0.1665E+02
  12.340  0.1679E+01  0.1666E+02
  12.350  0.1672E+01  0.1668E+02
  12.360  0.1666E+01  0.1670E+02
  12.370  0.1660E+01  0.1671E+02
  12.380  0.1654E+01  0.1673E+02
  12.390  0.1649E+01  0.1675E+02
  12.400  0.1644E+01  0.1676E+02
  12.410  0.1640E+01  0.1678E+02
  12.420  0.1636E+01  0.1680E+02
  12.430  0.1633E+01  0.1681E+02
  12.440  0.1631E+01  0.1683E+02
  12.450  0.1630E+01  0.1685E+02
  12.460  0.1628E+01  0.1686E+02
  12.470  0.1627E+01  0.1688E+02
  12.480  0.1626E+01  0.1689E+02
  12.490  0.1626E+01  0.1691E+02
  12.500  0.1627E+01  0.1693E+02
  12.510  0.1627E+01  0.1694E+02
  12.520  0.1627E+01  0.1696E+02
  12.530  0.1616E+01  0.1698E+02
  12.540  0.1606E+01  0.1699E+02
  12.550  0.1596E+01  0.1701E+02
  12.560  0.1588E+01  0.1702E+02
  12.570  0.1580E+01  0.1704E+02
  12.580  0.1574E+01  0.1706E+02
  12.590  0.1571E+01  0.1707E+02
  12.600  0.1582E+01  0.1709E+02
  12.610  0.1590E+01  0.1710E+02
  12.620  0.1591E+01  0.1712E+02
  12.630  0.1589E+01  0.1713E+02
  12.640  0.1585E+01  0.1715E+02
  12.650  0.1579E+01  0.1717E+02
  12.660  0.1570E+01  0.1718E+02
  12.670  0.1557E+01  0.1720E+02
  12.680  0.1544E+01  0.1721E+02
  12.690  0.1539E+01  0.1723E+02
  12.700  0.1535E+01  0.1724E+02
  12.710  0.1544E+01  0.1726E+02
  12.720  0.1561E+01  0.1727E+02
  12.730  0.1568E+01  0.1729E+02
  12.740  0.1566E+01  0.1731E+02
  12.750  0.1553E+01  0.1732E+02
  12.760  0.1530E+01  0.1734E+02
  12.770  0.1516E+01  0.1735E+02
  12.780  0.1507E+01  0.1737E+02
  12.790  0.1500E+01  0.1738E+02
  12.800  0.1493E+01  0.1740E+02
  12.810  0.1487E+01  0.1741E+02
  12.820  0.1480E+01  0.1743E+02
  12.830  0.1473E+01  0.1744E+02
  12.840  0.1466E+01  0.1746E+02
  12.850  0.1459E+01  0.1747E+02
  12.860  0.1453E+01  0.1749E+02
  12.870  0.1446E+01  0.1750E+02
  12.880  0.1439E+01  0.1751E+02
  12.890  0.1434E+01  0.1753E+02
  12.900  0.1431E+01  0.1754E+02
  12.910  0.1429E+01  0.1756E+02
  12.920  0.1429E+01  0.1757E+02
  12.930  0.1430E+01  0.1759E+02
  12.940  0.1437E+01  0.1760E+02
  12.950  0.1447E+01  0.1762E+02
  12.960  0.1458E+01  0.1763E+02
  12.970  0.1467E+01  0.1764E+02
  12.980  0.1474E+01  0.1766E+02
  12.990  0.1479E+01  0.1767E+02
  13.000  0.1483E+01  0.1769E+02
  13.010  0.1484E+01  0.1770E+02
  13.020  0.1483E+01  0.1772E+02
  13.030  0.1480E+01  0.1773E+02
  13.040  0.1476E+01  0.1775E+02
  13.050  0.1482E+01  0.1776E+02
  13.060  0.1538E+01  0.1778E+02
  13.070  0.1656E+01  0.1779E+02
  13.080  0.1760E+01  0.1781E+02
  13.090  0.1709E+01  0.1783E+02
  13.100  0.1575E+01  0.1784E+02
  13.110  0.1489E+01  0.1786E+02
  13.120  0.1419E+01  0.1787E+02
  13.130  0.1344E+01  0.1789E+02
  13.140  0.1266E+01  0.1790E+02
  13.150  0.1182E+01  0.1791E+02
  13.160  0.1092E+01  0.1792E+02
  13.170  0.9990E+00  0.1794E+02
  13.180  0.9087E+00  0.1794E+02
  13.190  0.8228E+00  0.1795E+02
  13.200  0.7399E+00  0.1796E+02
  13.210  0.6595E+00  0.1797E+02
  13.220  0.5816E+00  0.1797E+02
  13.230  0.5061E+00  0.1798E+02
  13.240  0.4330E+00  0.1798E+02
  13.250  0.3624E+00  0.1799E+02
  13.260  0.2952E+00  0.1799E+02
  13.270  0.2359E+00  0.1799E+02
  13.280  0.1834E+00  0.1800E+02
  13.290  0.1324E+00  0.1800E+02
  13.300  0.8259E-01  0.1800E+02
  13.310  0.3390E-01  0.1800E+02
  13.320  0.8183E-02  0.1800E+02
  13.330  0.1012E-02  0.1800E+02
  13.340  0.0000E+00  0.1800E+02
  13.350  0.0000E+00  0.1800E+02
  13.360  0.0000E+00  0.1800E+02
  13.370  0.0000E+00  0.1800E+02
  13.380  0.0000E+00  0.1800E+02
  13.390  0.0000E+00  0.1800E+02
  13.400  0.0000E+00  0.1800E+02
  13.410  0.0000E+00  0.1800E+02
  13.420  0.0000E+00  0.1800E+02
  13.430  0.0000E+00  0.1800E+02
  13.440  0.0000E+00  0.1800E+02
  13.450  0.0000E+00  0.1800E+02
  13.460  0.0000E+00  0.1800E+02
  13.470  0.0000E+00  0.1800E+02
  13.480  0.0000E+00  0.1800E+02
  13.490  0.0000E+00  0.1800E+02
  13.500  0.0000E+00  0.1800E+02
  13.510  0.0000E+00  0.1800E+02
  13.520  0.0000E+00  0.1800E+02
  13.530  0.0000E+00  0.1800E+02
  13.540  0.0000E+00  0.1800E+02
  13.550  0.0000E+00  0.1800E+02
  13.560  0.0000E+00  0.1800E+02
  13.570  0.0000E+00  0.1800E+02
  13.580  0.0000E+00  0.1800E+02
  13.590  0.0000E+00  0.1800E+02
  13.600  0.2506E-05  0.1800E+02
  13.610  0.1251E-04  0.1800E+02
  13.620  0.3016E-04  0.1800E+02
  13.630  0.5545E-04  0.1800E+02
  13.640  0.8838E-04  0.1800E+02
  13.650  0.1290E-03  0.1800E+02
  13.660  0.1772E-03  0.1800E+02
  13.670  0.2330E-03  0.1800E+02
  13.680  0.2965E-03  0.1800E+02
  13.690  0.3676E-03  0.1800E+02
  13.700  0.4464E-03  0.1800E+02
  13.710  0.5328E-03  0.1800E+02
  13.720  0.6269E-03  0.1800E+02
  13.730  0.7286E-03  0.1800E+02
  13.740  0.8379E-03  0.1800E+02
  13.750  0.9549E-03  0.1800E+02
  13.760  0.1079E-02  0.1800E+02
  13.770  0.1212E-02  0.1800E+02
  13.780  0.1352E-02  0.1800E+02
  13.790  0.1499E-02  0.1800E+02
  13.800  0.1654E-02  0.1800E+02
  13.810  0.1817E-02  0.1800E+02
  13.820  0.1988E-02  0.1800E+02
  13.830  0.2166E-02  0.1800E+02
  13.840  0.2351E-02  0.1800E+02
  13.850  0.2545E-02  0.1800E+02
  13.860  0.2746E-02  0.1800E+02
  13.870  0.2955E-02  0.1800E+02
  13.880  0.3171E-02  0.1800E+02
  13.890  0.3395E-02  0.1800E+02
  13.900  0.3626E-02  0.1800E+02
  13.910  0.3866E-02  0.1800E+02
  13.920  0.4112E-02  0.1800E+02
  13.930  0.4367E-02  0.1800E+02
  13.940  0.4629E-02  0.1800E+02
  13.950  0.4899E-02  0.1800E+02
  13.960  0.5176E-02  0.1800E+02
  13.970  0.5461E-02  0.1800E+02
  13.980  0.5754E-02  0.1800E+02
  13.990  0.6054E-02  0.1800E+02
  14.000  0.6362E-02  0.1800E+02
  14.010  0.6678E-02  0.1800E+02
  14.020  0.7001E-02  0.1800E+02
  14.030  0.7332E-02  0.1800E+02
  14.040  0.7671E-02  0.1800E+02
  14.050  0.8017E-02  0.1800E+02
  14.060  0.8371E-02  0.1800E+02
  14.070  0.8732E-02  0.1800E+02
  14.080  0.9101E-02  0.1800E+02
  14.090  0.9878E-02  0.1800E+02
  14.100  0.1231E-01  0.1800E+02
  14.110  0.1454E-01  0.1800E+02
  14.120  0.1657E-01  0.1800E+02
  14.130  0.1839E-01  0.1800E+02
  14.140  0.2002E-01  0.1800E+02
  14.150  0.2144E-01  0.1800E+02
  14.160  0.2265E-01  0.1800E+02
  14.170  0.2367E-01  0.1800E+02
  14.180  0.2448E-01  0.1800E+02
  14.190  0.2509E-01  0.1800E+02
  14.200  0.2549E-01  0.1800E+02
  14.210  0.2570E-01  0.1800E+02
  14.220  0.2570E-01  0.1800E+02
  14.230  0.2550E-01  0.1800E+02
  14.240  0.2509E-01  0.1800E+02
  14.250  0.2449E-01  0.1801E+02
  14.260  0.2368E-01  0.1801E+02
  14.270  0.2266E-01  0.1801E+02
  14.280  0.2145E-01  0.1801E+02
  14.290  0.2014E-01  0.1801E+02
  14.300  0.2042E-01  0.1801E+02
  14.310  0.2070E-01  0.1801E+02
  14.320  0.2098E-01  0.1801E+02
  14.330  0.2126E-01  0.1801E+02
  14.340  0.2155E-01  0.1801E+02
  14.350  0.2183E-01  0.1801E+02
  14.360  0.2212E-01  0.1801E+02
  14.370  0.2241E-01  0.1801E+02
  14.380  0.2270E-01  0.1801E+02
  14.390  0.2299E-01  0.1801E+02
  14.400  0.2328E-01  0.1801E+02
  14.410  0.2358E-01  0.1801E+02
  14.420  0.2387E-01  0.1801E+02
  14.430  0.2417E-01  0.1801E+02
  14.440  0.2447E-01  0.1801E+02
  14.450  0.2477E-01  0.1801E+02
  14.460  0.2507E-01  0.1801E+02
  14.470  0.2538E-01  0.1801E+02
  14.480  0.2568E-01  0.1801E+02
  14.490  0.2599E-01  0.1801E+02
  14.500  0.2630E-01  0.1801E+02
  14.510  0.2661E-01  0.1801E+02
  14.520  0.2692E-01  0.1801E+02
  14.530  0.2723E-01  0.1801E+02
  14.540  0.2754E-01  0.1801E+02
  14.550  0.2786E-01  0.1801E+02
  14.560  0.2818E-01  0.1801E+02
  14.570  0.2849E-01  0.1801E+02
  14.580  0.2881E-01  0.1801E+02
  14.590  0.2914E-01  0.1801E+02
  14.600  0.2946E-01  0.1801E+02
  14.610  0.2978E-01  0.1801E+02
  14.620  0.3011E-01  0.1801E+02
  14.630  0.3044E-01  0.1801E+02
  14.640  0.3077E-01  0.1801E+02
  14.650  0.3110E-01  0.1802E+02
  14.660  0.3143E-01  0.1802E+02
  14.670  0.3176E-01  0.1802E+02
  14.680  0.3210E-01  0.1802E+02
  14.690  0.3243E-01  0.1802E+02
  14.700  0.3277E-01  0.1802E+02
  14.710  0.3311E-01  0.1802E+02
  14.720  0.3345E-01  0.1802E+02
  14.730  0.3380E-01  0.1802E+02
  14.740  0.3414E-01  0.1802E+02
  14.750  0.3448E-01  0.1802E+02
  14.760  0.3483E-01  0.1802E+02
  14.770  0.3518E-01  0.1802E+02
  14.780  0.3553E-01  0.1802E+02
  14.790  0.3595E-01  0.1802E+02
  14.800  0.3649E-01  0.1802E+02
  14.810  0.3702E-01  0.1802E+02
  14.820  0.3755E-01  0.1802E+02
  14.830  0.3808E-01  0.1802E+02
  14.840  0.3861E-01  0.1802E+02
  14.850  0.3913E-01  0.1802E+02
  14.860  0.3965E-01  0.1802E+02
  14.870  0.4016E-01  0.1802E+02
  14.880  0.4068E-01  0.1802E+02
  14.890  0.4119E-01  0.1802E+02
  14.900  0.4169E-01  0.1802E+02
  14.910  0.4220E-01  0.1802E+02
  14.920  0.4270E-01  0.1802E+02
  14.930  0.4320E-01  0.1803E+02
  14.940  0.4369E-01  0.1803E+02
  14.950  0.4418E-01  0.1803E+02
  14.960  0.4467E-01  0.1803E+02
  14.970  0.4516E-01  0.1803E+02
  14.980  0.4564E-01  0.1803E+02
  14.990  0.4612E-01  0.1803E+02
  15.000  0.4660E-01  0.1803E+02
  15.010  0.4707E-01  0.1803E+02
  15.020  0.4754E-01  0.1803E+02
  15.030  0.4801E-01  0.1803E+02
  15.040  0.4847E-01  0.1803E+02
  15.050  0.4893E-01  0.1803E+02
  15.060  0.4939E-01  0.1803E+02
  15.070  0.4985E-01  0.1803E+02
  15.080  0.5030E-01  0.1803E+02
  15.090  0.5075E-01  0.1803E+02
  15.100  0.5120E-01  0.1803E+02
  15.110  0.5164E-01  0.1803E+02
  15.120  0.5208E-01  0.1803E+02
  15.130  0.5252E-01  0.1803E+02
  15.140  0.5295E-01  0.1804E+02
  15.150  0.5338E-01  0.1804E+02
  15.160  0.5381E-01  0.1804E+02
  15.170  0.5423E-01  0.1804E+02
  15.180  0.5441E-01  0.1804E+02
  15.190  0.5389E-01  0.1804E+02
  15.200  0.5266E-01  0.1804E+02
  15.210  0.5196E-01  0.1804E+02
  15.220  0.5235E-01  0.1804E+02
  15.230  0.5274E-01  0.1804E+02
  15.240  0.5313E-01  0.1804E+02
  15.250  0.5352E-01  0.1804E+02
  15.260  0.5392E-01  0.1804E+02
  15.270  0.5431E-01  0.1804E+02
  15.280  0.5471E-01  0.1804E+02
  15.290  0.5511E-01  0.1804E+02
  15.300  0.5552E-01  0.1804E+02
  15.310  0.5592E-01  0.1804E+02
  15.320  0.5633E-01  0.1805E+02
  15.330  0.5674E-01  0.1805E+02
  15.340  0.5716E-01  0.1805E+02
  15.350  0.5757E-01  0.1805E+02
  15.360  0.5799E-01  0.1805E+02
  15.370  0.5841E-01  0.1805E+02
  15.380  0.5883E-01  0.1805E+02
  15.390  0.5925E-01  0.1805E+02
  15.400  0.5968E-01  0.1805E+02
  15.410  0.6011E-01  0.1805E+02
  15.420  0.6054E-01  0.1805E+02
  15.430  0.6097E-01  0.1805E+02
  15.440  0.6141E-01  0.1805E+02
  15.450  0.6185E-01  0.1805E+02
  15.460  0.6229E-01  0.1805E+02
  15.470  0.6273E-01  0.1805E+02
  15.480  0.6317E-01  0.1805E+02
  15.490  0.6362E-01  0.1806E+02
  15.500  0.6407E-01  0.1806E+02
  15.510  0.6452E-01  0.1806E+02
  15.520  0.6498E-01  0.1806E+02
  15.530  0.6543E-01  0.1806E+02
  15.540  0.6589E-01  0.1806E+02
  15.550  0.6635E-01  0.1806E+02
  15.560  0.6681E-01  0.1806E+02
  15.570  0.6728E-01  0.1806E+02
  15.580  0.6775E-01  0.1806E+02
  15.590  0.6822E-01  0.1806E+02
  15.600  0.6869E-01  0.1806E+02
  15.610  0.6916E-01  0.1806E+02
  15.620  0.6964E-01  0.1806E+02
  15.630  0.7012E-01  0.1806E+02
  15.640  0.7060E-01  0.1807E+02
  15.650  0.7108E-01  0.1807E+02
  15.660  0.7157E-01  0.1807E+02
  15.670  0.7205E-01  0.1807E+02
  15.680  0.7254E-01  0.1807E+02
  15.690  0.7304E-01  0.1807E+02
  15.700  0.7353E-01  0.1807E+02
  15.710  0.7403E-01  0.1807E+02
  15.720  0.7453E-01  0.1807E+02
  15.730  0.7503E-01  0.1807E+02
  15.740  0.7553E-01  0.1807E+02
  15.750  0.7604E-01  0.1807E+02
  15.760  0.7655E-01  0.1807E+02
  15.770  0.7706E-01  0.1807E+02
  15.780  0.7757E-01  0.1808E+02
  15.790  0.7808E-01  0.1808E+02
  15.800  0.7860E-01  0.1808E+02
  15.810  0.7912E-01  0.1808E+02
  15.820  0.7964E-01  0.1808E+02
  15.830  0.8017E-01  0.1808E+02
  15.840  0.8069E-01  0.1808E+02
  15.850  0.8122E-01  0.1808E+02
  15.860  0.8175E-01  0.1808E+02
  15.870  0.8228E-01  0.1808E+02
  15.880  0.8282E-01  0.1808E+02
  15.890  0.8349E-01  0.1808E+02
  15.900  0.8422E-01  0.1809E+02
  15.910  0.8495E-01  0.1809E+02
  15.920  0.8568E-01  0.1809E+02
  15.930  0.8640E-01  0.1809E+02
  15.940  0.8712E-01  0.1809E+02
  15.950  0.8784E-01  0.1809E+02
  15.960  0.8855E-01  0.1809E+02
  15.970  0.8926E-01  0.1809E+02
  15.980  0.8997E-01  0.1809E+02
  15.990  0.9067E-01  0.1809E+02
  16.000  0.9137E-01  0.1809E+02
  16.010  0.9207E-01  0.1810E+02
  16.020  0.9276E-01  0.1810E+02
  16.030  0.9345E-01  0.1810E+02
  16.040  0.9413E-01  0.1810E+02
  16.050  0.9482E-01  0.1810E+02
  16.060  0.9549E-01  0.1810E+02
  16.070  0.9617E-01  0.1810E+02
  16.080  0.9684E-01  0.1810E+02
  16.090  0.9751E-01  0.1810E+02
  16.100  0.9817E-01  0.1810E+02
  16.110  0.9883E-01  0.1810E+02
  16.120  0.9949E-01  0.1811E+02
  16.130  0.1001E+00  0.1811E+02
  16.140  0.1008E+00  0.1811E+02
  16.150  0.1014E+00  0.1811E+02
  16.160  0.1021E+00  0.1811E+02
  16.170  0.1028E+00  0.1811E+02
  16.180  0.1034E+00  0.1811E+02
  16.190  0.1041E+00  0.1811E+02
  16.200  0.1048E+00  0.1811E+02
  16.210  0.1055E+00  0.1811E+02
  16.220  0.1062E+00  0.1812E+02
  16.230  0.1069E+00  0.1812E+02
  16.240  0.1076E+00  0.1812E+02
  16.250  0.1084E+00  0.1812E+02
  16.260  0.1091E+00  0.1812E+02
  16.270  0.1098E+00  0.1812E+02
  16.280  0.1106E+00  0.1812E+02
  16.290  0.1114E+00  0.1812E+02
  16.300  0.1121E+00  0.1812E+02
  16.310  0.1107E+00  0.1813E+02
  16.320  0.1111E+00  0.1813E+02
  16.330  0.1118E+00  0.1813E+02
  16.340  0.1125E+00  0.1813E+02
  16.350  0.1132E+00  0.1813E+02
  16.360  0.1139E+00  0.1813E+02
  16.370  0.1147E+00  0.1813E+02
  16.380  0.1154E+00  0.1813E+02
  16.390  0.1161E+00  0.1813E+02
  16.400  0.1168E+00  0.1814E+02
  16.410  0.1176E+00  0.1814E+02
  16.420  0.1183E+00  0.1814E+02
  16.430  0.1191E+00  0.1814E+02
  16.440  0.1198E+00  0.1814E+02
  16.450  0.1206E+00  0.1814E+02
  16.460  0.1214E+00  0.1814E+02
  16.470  0.1221E+00  0.1814E+02
  16.480  0.1229E+00  0.1815E+02
  16.490  0.1237E+00  0.1815E+02
  16.500  0.1245E+00  0.1815E+02
  16.510  0.1253E+00  0.1815E+02
  16.520  0.1260E+00  0.1815E+02
  16.530  0.1268E+00  0.1815E+02
  16.540  0.1277E+00  0.1815E+02
  16.550  0.1285E+00  0.1815E+02
  16.560  0.1293E+00  0.1816E+02
  16.570  0.1301E+00  0.1816E+02
  16.580  0.1309E+00  0.1816E+02
  16.590  0.1317E+00  0.1816E+02
  16.600  0.1326E+00  0.1816E+02
  16.610  0.1334E+00  0.1816E+02
  16.620  0.1343E+00  0.1816E+02
  16.630  0.1351E+00  0.1816E+02
  16.640  0.1360E+00  0.1817E+02
  16.650  0.1368E+00  0.1817E+02
  16.660  0.1377E+00  0.1817E+02
  16.670  0.1386E+00  0.1817E+02
  16.680  0.1394E+00  0.1817E+02
  16.690  0.1403E+00  0.1817E+02
  16.700  0.1412E+00  0.1817E+02
  16.710  0.1421E+00  0.1818E+02
  16.720  0.1430E+00  0.1818E+02
  16.730  0.1439E+00  0.1818E+02
  16.740  0.1448E+00  0.1818E+02
  16.750  0.1457E+00  0.1818E+02
  16.760  0.1466E+00  0.1818E+02
  16.770  0.1475E+00  0.1818E+02
  16.780  0.1485E+00  0.1819E+02
  16.790  0.1494E+00  0.1819E+02
  16.800  0.1503E+00  0.1819E+02
  16.810  0.1513E+00  0.1819E+02
  16.820  0.1522E+00  0.1819E+02
  16.830  0.1532E+00  0.1819E+02
  16.840  0.1541E+00  0.1820E+02
  16.850  0.1551E+00  0.1820E+02
  16.860  0.1560E+00  0.1820E+02
  16.870  0.1570E+00  0.1820E+02
  16.880  0.1580E+00  0.1820E+02
  16.890  0.1590E+00  0.1820E+02
  16.900  0.1600E+00  0.1820E+02
  16.910  0.1610E+00  0.1821E+02
  16.920  0.1620E+00  0.1821E+02
  16.930  0.1630E+00  0.1821E+02
  16.940  0.1641E+00  0.1821E+02
  16.950  0.1657E+00  0.1821E+02
  16.960  0.1674E+00  0.1821E+02
  16.970  0.1690E+00  0.1822E+02
  16.980  0.1707E+00  0.1822E+02
  16.990  0.1723E+00  0.1822E+02
  17.000  0.1740E+00  0.1822E+02
  17.010  0.1758E+00  0.1822E+02
  17.020  0.1775E+00  0.1822E+02
  17.030  0.1793E+00  0.1823E+02
  17.040  0.1811E+00  0.1823E+02
  17.050  0.1829E+00  0.1823E+02
  17.060  0.1847E+00  0.1823E+02
  17.070  0.1865E+00  0.1823E+02
  17.080  0.1884E+00  0.1824E+02
  17.090  0.1903E+00  0.1824E+02
  17.100  0.1922E+00  0.1824E+02
  17.110  0.1941E+00  0.1824E+02
  17.120  0.1961E+00  0.1824E+02
  17.130  0.1980E+00  0.1825E+02
  17.140  0.1998E+00  0.1825E+02
  17.150  0.2016E+00  0.1825E+02
  17.160  0.2033E+00  0.1825E+02
  17.170  0.2050E+00  0.1825E+02
  17.180  0.2065E+00  0.1826E+02
  17.190  0.2080E+00  0.1826E+02
  17.200  0.2094E+00  0.1826E+02
  17.210  0.2108E+00  0.1826E+02
  17.220  0.2121E+00  0.1826E+02
  17.230  0.2134E+00  0.1827E+02
  17.240  0.2147E+00  0.1827E+02
  17.250  0.2159E+00  0.1827E+02
  17.260  0.2173E+00  0.1827E+02
  17.270  0.2190E+00  0.1827E+02
  17.280  0.2208E+00  0.1828E+02
  17.290  0.2225E+00  0.1828E+02
  17.300  0.2242E+00  0.1828E+02
  17.310  0.2259E+00  0.1828E+02
  17.320  0.2276E+00  0.1829E+02
  17.330  0.2294E+00  0.1829E+02
  17.340  0.2311E+00  0.1829E+02
  17.350  0.2328E+00  0.1829E+02
  17.360  0.2346E+00  0.1830E+02
  17.370  0.2363E+00  0.1830E+02
  17.380  0.2381E+00  0.1830E+02
  17.390  0.2398E+00  0.1830E+02
  17.400  0.2416E+00  0.1830E+02
  17.410  0.2434E+00  0.1831E+02
  17.420  0.2452E+00  0.1831E+02
  17.430  0.2469E+00  0.1831E+02
  17.440  0.2487E+00  0.1831E+02
  17.450  0.2509E+00  0.1832E+02
  17.460  0.2538E+00  0.1832E+02
  17.470  0.2573E+00  0.1832E+02
  17.480  0.2611E+00  0.1832E+02
  17.490  0.2650E+00  0.1833E+02
  17.500  0.2689E+00  0.1833E+02
  17.510  0.2728E+00  0.1833E+02
  17.520  0.2767E+00  0.1834E+02
  17.530  0.2806E+00  0.1834E+02
  17.540  0.2845E+00  0.1834E+02
  17.550  0.2884E+00  0.1834E+02
  17.560  0.2923E+00  0.1835E+02
  17.570  0.2962E+00  0.1835E+02
  17.580  0.3000E+00  0.1835E+02
  17.590  0.3039E+00  0.1836E+02
  17.600  0.3078E+00  0.1836E+02
  17.610  0.3117E+00  0.1836E+02
  17.620  0.3156E+00  0.1837E+02
  17.630  0.3195E+00  0.1837E+02
  17.640  0.3233E+00  0.1837E+02
  17.650  0.3281E+00  0.1837E+02
  17.660  0.3345E+00  0.1838E+02
  17.670  0.3406E+00  0.1838E+02
  17.680  0.3464E+00  0.1838E+02
  17.690  0.3519E+00  0.1839E+02
  17.700  0.3570E+00  0.1839E+02
  17.710  0.3618E+00  0.1840E+02
  17.720  0.3663E+00  0.1840E+02
  17.730  0.3705E+00  0.1840E+02
  17.740  0.3743E+00  0.1841E+02
  17.750  0.3779E+00  0.1841E+02
  17.760  0.3811E+00  0.1841E+02
  17.770  0.3840E+00  0.1842E+02
  17.780  0.3867E+00  0.1842E+02
  17.790  0.3891E+00  0.1843E+02
  17.800  0.3915E+00  0.1843E+02
  17.810  0.3939E+00  0.1843E+02
  17.820  0.3963E+00  0.1844E+02
  17.830  0.3988E+00  0.1844E+02
  17.840  0.4013E+00  0.1845E+02
  17.850  0.4038E+00  0.1845E+02
  17.860  0.4063E+00  0.1845E+02
  17.870  0.4089E+00  0.1846E+02
  17.880  0.4114E+00  0.1846E+02
  17.890  0.4140E+00  0.1847E+02
  17.900  0.4166E+00  0.1847E+02
  17.910  0.5643E+00  0.1847E+02
  17.920  0.5588E+00  0.1848E+02
  17.930  0.3874E+00  0.1849E+02
  17.940  0.3880E+00  0.1849E+02
  17.950  0.3886E+00  0.1849E+02
  17.960  0.3891E+00  0.1850E+02
  17.970  0.3898E+00  0.1850E+02
  17.980  0.3906E+00  0.1850E+02
  17.990  0.3914E+00  0.1851E+02
  18.000  0.3924E+00  0.1851E+02
  18.010  0.3934E+00  0.1852E+02
  18.020  0.3946E+00  0.1852E+02
  18.030  0.3959E+00  0.1852E+02
  18.040  0.3972E+00  0.1853E+02
  18.050  0.3986E+00  0.1853E+02
  18.060  0.3999E+00  0.1854E+02
  18.070  0.4011E+00  0.1854E+02
  18.080  0.4023E+00  0.1854E+02
  18.090  0.4035E+00  0.1855E+02
  18.100  0.4047E+00  0.1855E+02
  18.110  0.4059E+00  0.1856E+02
  18.120  0.4071E+00  0.1856E+02
  18.130  0.4083E+00  0.1856E+02
  18.140  0.4095E+00  0.1857E+02
  18.150  0.4107E+00  0.1857E+02
  18.160  0.4119E+00  0.1858E+02
  18.170  0.4131E+00  0.1858E+02
  18.180  0.4143E+00  0.1858E+02
  18.190  0.4155E+00  0.1859E+02
  18.200  0.4167E+00  0.1859E+02
  18.210  0.4179E+00  0.1860E+02
  18.220  0.4192E+00  0.1860E+02
  18.230  0.4205E+00  0.1861E+02
  18.240  0.4218E+00  0.1861E+02
  18.250  0.4232E+00  0.1861E+02
  18.260  0.4245E+00  0.1862E+02
  18.270  0.4259E+00  0.1862E+02
  18.280  0.4274E+00  0.1863E+02
  18.290  0.4289E+00  0.1863E+02
  18.300  0.4304E+00  0.1864E+02
  18.310  0.4320E+00  0.1864E+02
  18.320  0.4336E+00  0.1864E+02
  18.330  0.4353E+00  0.1865E+02
  18.340  0.4372E+00  0.1865E+02
  18.350  0.4394E+00  0.1866E+02
  18.360  0.4417E+00  0.1866E+02
  18.370  0.4443E+00  0.1867E+02
  18.380  0.4472E+00  0.1867E+02
  18.390  0.4503E+00  0.1868E+02
  18.400  0.4535E+00  0.1868E+02
  18.410  0.4571E+00  0.1868E+02
  18.420  0.4608E+00  0.1869E+02
  18.430  0.4648E+00  0.1869E+02
  18.440  0.4690E+00  0.1870E+02
  18.450  0.4735E+00  0.1870E+02
  18.460  0.4782E+00  0.1871E+02
  18.470  0.4831E+00  0.1871E+02
  18.480  0.4882E+00  0.1872E+02
  18.490  0.4936E+00  0.1872E+02
  18.500  0.5005E+00  0.1873E+02
  18.510  0.5092E+00  0.1873E+02
  18.520  0.5193E+00  0.1874E+02
  18.530  0.5307E+00  0.1874E+02
  18.540  0.5435E+00  0.1875E+02
  18.550  0.5575E+00  0.1875E+02
  18.560  0.5730E+00  0.1876E+02
  18.570  0.5908E+00  0.1876E+02
  18.580  0.6097E+00  0.1877E+02
  18.590  0.6251E+00  0.1878E+02
  18.600  0.6346E+00  0.1878E+02
  18.610  0.6437E+00  0.1879E+02
  18.620  0.6524E+00  0.1880E+02
  18.630  0.6606E+00  0.1880E+02
  18.640  0.6685E+00  0.1881E+02
  18.650  0.6759E+00  0.1882E+02
  18.660  0.6829E+00  0.1882E+02
  18.670  0.6895E+00  0.1883E+02
  18.680  0.6957E+00  0.1884E+02
  18.690  0.7014E+00  0.1884E+02
  18.700  0.7067E+00  0.1885E+02
  18.710  0.7115E+00  0.1886E+02
  18.720  0.7161E+00  0.1886E+02
  18.730  0.7204E+00  0.1887E+02
  18.740  0.7245E+00  0.1888E+02
  18.750  0.6831E+00  0.1889E+02
  18.760  0.6802E+00  0.1889E+02
  18.770  0.6777E+00  0.1890E+02
  18.780  0.6761E+00  0.1891E+02
  18.790  0.6742E+00  0.1891E+02
  18.800  0.6721E+00  0.1892E+02
  18.810  0.6697E+00  0.1893E+02
  18.820  0.6669E+00  0.1893E+02
  18.830  0.6640E+00  0.1894E+02
  18.840  0.6607E+00  0.1895E+02
  18.850  0.6572E+00  0.1895E+02
  18.860  0.6533E+00  0.1896E+02
  18.870  0.6493E+00  0.1897E+02
  18.880  0.6449E+00  0.1897E+02
  18.890  0.6433E+00  0.1898E+02
  18.900  0.6430E+00  0.1899E+02
  18.910  0.6428E+00  0.1899E+02
  18.920  0.6426E+00  0.1900E+02
  18.930  0.6425E+00  0.1901E+02
  18.940  0.6424E+00  0.1901E+02
  18.950  0.6423E+00  0.1902E+02
  18.960  0.6422E+00  0.1903E+02
  18.970  0.6422E+00  0.1903E+02
  18.980  0.6423E+00  0.1904E+02
  18.990  0.6424E+00  0.1904E+02
  19.000  0.6425E+00  0.1905E+02
  19.010  0.6425E+00  0.1906E+02
  19.020  0.6423E+00  0.1906E+02
  19.030  0.6421E+00  0.1907E+02
  19.040  0.6417E+00  0.1908E+02
  19.050  0.6411E+00  0.1908E+02
  19.060  0.6405E+00  0.1909E+02
  19.070  0.6397E+00  0.1910E+02
  19.080  0.6391E+00  0.1910E+02
  19.090  0.6387E+00  0.1911E+02
  19.100  0.6385E+00  0.1911E+02
  19.110  0.6384E+00  0.1912E+02
  19.120  0.6386E+00  0.1913E+02
  19.130  0.6380E+00  0.1913E+02
  19.140  0.6372E+00  0.1914E+02
  19.150  0.6364E+00  0.1915E+02
  19.160  0.6355E+00  0.1915E+02
  19.170  0.6345E+00  0.1916E+02
  19.180  0.6334E+00  0.1917E+02
  19.190  0.6322E+00  0.1917E+02
  19.200  0.6308E+00  0.1918E+02
  19.210  0.6296E+00  0.1918E+02
  19.220  0.6290E+00  0.1919E+02
  19.230  0.6291E+00  0.1920E+02
  19.240  0.6299E+00  0.1920E+02
  19.250  0.6313E+00  0.1921E+02
  19.260  0.6333E+00  0.1922E+02
  19.270  0.6361E+00  0.1922E+02
  19.280  0.6394E+00  0.1923E+02
  19.290  0.6431E+00  0.1924E+02
  19.300  0.6424E+00  0.1924E+02
  19.310  0.6373E+00  0.1925E+02
  19.320  0.6277E+00  0.1925E+02
  19.330  0.6156E+00  0.1926E+02
  19.340  0.6109E+00  0.1927E+02
  19.350  0.6066E+00  0.1927E+02
  19.360  0.6026E+00  0.1928E+02
  19.370  0.5989E+00  0.1929E+02
  19.380  0.5955E+00  0.1929E+02
  19.390  0.5930E+00  0.1930E+02
  19.400  0.5908E+00  0.1930E+02
  19.410  0.5888E+00  0.1931E+02
  19.420  0.5868E+00  0.1931E+02
  19.430  0.5848E+00  0.1932E+02
  19.440  0.5829E+00  0.1933E+02
  19.450  0.5810E+00  0.1933E+02
  19.460  0.5791E+00  0.1934E+02
  19.470  0.5772E+00  0.1934E+02
  19.480  0.5753E+00  0.1935E+02
  19.490  0.5735E+00  0.1936E+02
  19.500  0.5717E+00  0.1936E+02
  19.510  0.5699E+00  0.1937E+02
  19.520  0.5681E+00  0.1937E+02
  19.530  0.5664E+00  0.1938E+02
  19.540  0.5647E+00  0.1938E+02
  19.550  0.5630E+00  0.1939E+02
  19.560  0.5613E+00  0.1939E+02
  19.570  0.5597E+00  0.1940E+02
  19.580  0.5581E+00  0.1941E+02
  19.590  0.5565E+00  0.1941E+02
  19.600  0.5549E+00  0.1942E+02
  19.610  0.5533E+00  0.1942E+02
  19.620  0.5518E+00  0.1943E+02
  19.630  0.5503E+00  0.1943E+02
  19.640  0.5488E+00  0.1944E+02
  19.650  0.5474E+00  0.1944E+02
  19.660  0.5460E+00  0.1945E+02
  19.670  0.5446E+00  0.1946E+02
  19.680  0.5432E+00  0.1946E+02
  19.690  0.5418E+00  0.1947E+02
  19.700  0.5405E+00  0.1947E+02
  19.710  0.5392E+00  0.1948E+02
  19.720  0.5379E+00  0.1948E+02
  19.730  0.5367E+00  0.1949E+02
  19.740  0.5355E+00  0.1949E+02
  19.750  0.5343E+00  0.1950E+02
  19.760  0.5346E+00  0.1950E+02
  19.770  0.5391E+00  0.1951E+02
  19.780  0.5445E+00  0.1952E+02
  19.790  0.5508E+00  0.1952E+02
  19.800  0.5543E+00  0.1953E+02
  19.810  0.5538E+00  0.1953E+02
  19.820  0.5532E+00  0.1954E+02
  19.830  0.5526E+00  0.1954E+02
  19.840  0.5519E+00  0.1955E+02
  19.850  0.5511E+00  0.1955E+02
  19.860  0.5504E+00  0.1956E+02
  19.870  0.5495E+00  0.1956E+02
  19.880  0.5486E+00  0.1957E+02
  19.890  0.5477E+00  0.1958E+02
  19.900  0.5466E+00  0.1958E+02
  19.910  0.5456E+00  0.1959E+02
  19.920  0.5445E+00  0.1959E+02
  19.930  0.5433E+00  0.1960E+02
  19.940  0.5422E+00  0.1960E+02
  19.950  0.5410E+00  0.1961E+02
  19.960  0.5399E+00  0.1961E+02
  19.970  0.5397E+00  0.1962E+02
  19.980  0.5401E+00  0.1962E+02
  19.990  0.5413E+00  0.1963E+02
  20.000  0.5425E+00  0.1964E+02
